segment-id,segment-type,segment-speaker,segment-text
scene1,slugline,,EXT. STREET - NIGHT
desc1.0,desc,,"SLOW-MOTION ABSTRACT IMAGES We're outside. It's night. And a MAN is on fire. Scratch that. TWO MEN are on fire. Arms flailing. Wild. Swinging. We see pieces of a BROKEN GLASS BOWL flying in the air... FRUIT CHUNKS bouncing off a sidewalk... We go WIDE to REVEAL... ...one of the men is COLLIN. Black (35), in a long sleeve shirt. Hair twisted. His arm is a FIERY BLAZE. He's PUMMELING someone on the ground, who is also on fire. Behind them, a BLURRY FIGURE shouts: GET HIM! BLURRY FIGURE These SURREAL IMAGES may be hard to grasp at the moment, but be patient, they will make sense in time."
scene2,slugline,,INT. COURTROOM - DAY
desc2.1,desc,,"The incident we just saw has led to Collin being in court. We see Collin in a MEDIUM SHOT. He is center frame. The JUDGE is stern, but going through the motions. We don't ever see him during this scene."
utter2.2,utter,JUDGE (O.S.),"Now that you have completed your two month sentence at Alameda County Jail Santa Rita, in accordance with the remainder of your sentence..."
desc2.3,desc,,The Judge wonders if Collin is even paying attention.
desc2.4,desc,,Collin looks into camera. He SIGHS.
scene3,slugline,,SUPER: 11 MONTHS AND 26 DAYS LATER - 4 DAYS LEFT OF PROBATION INT. DEZ'S CAR - NIGHT The car is parked.
desc3.5,desc,,"Collin's in the backseat, sitting in the middle. DEZ is smoking weed in the driver's seat. MILES is sitting shotgun. Dez is black. Miles is white. Miles is Collin's best friend. All three have fast food HAMBURGERS from KWIK WAY. Miles takes his GOLD GRILL out of his mouth, to take a bite of the burger."
utter3.6,utter,MILES,(mouthful) It doesn't taste the same.
desc3.7,desc,,"Collin holds up one of his fries, inspecting it."
utter3.8,utter,COLLIN,"Oh, they're wedges now. (takes a bite) I'm into that."
utter3.9,utter,MILES,The bun's different!
desc3.10,desc,,Dez squirts some KETCHUP on his fries.
utter3.11,utter,DEZ,What is Umami Ketchup?
desc3.12,desc,,"Miles gives up on the burger and decides to eat the fries, but even they seem to be disappointing him."
utter3.13,utter,MILES,This doesn't even look like a fry!
utter3.14,utter,COLLIN,That's because it's a wedge!
utter3.15,utter,DEZ,"OK, real spit, this isn't the old Kwik Way at all."
utter3.16,utter,COLLIN,I like the wedges.
utter3.17,utter,MILES,(to Collin) You would!
desc3.18,desc,,Dez gets a text. Then they all get it. They all pull out their phones and look.
utter3.19,utter,DEZ,Did yal just get Nak's text about her work party on Friday. Yup.
utter3.20,utter,COLLIN AND MILES DEZ,Yal tryin to go? Nope.
scene4,slugline,,COLLIN AND MILES
desc4.21,desc,,"Miles drops a fry. He reaches down to grab it, and notices... ...a GUN nestled between the seats. Miles picks it up. Super nonchalant."
utter4.22,utter,MILES,"Oh, what is this, bruh? Little yistol?"
desc4.23,desc,,Collin sees the gun. This isn't good.
utter4.24,utter,COLLIN,"Uh, nope. Can I get out?"
desc4.25,desc,,This is a TWO DOOR car. Collin can't get out unless Dez or Miles lets him out. He's basically trapped in the back.
utter4.26,utter,DEZ,Got the better one in the glove. Yeah?
scene5,slugline,,MILES
desc5.27,desc,,"Miles goes for the glove box, there is indeed another small gun. He pulls it out excitedly. Collin's getting more frustrated as he realizes what's happening... This is a gun deal. He's in the middle of a gun deal."
utter5.28,utter,COLLIN,I wanna get out.
utter5.29,utter,MILES,Wanna let go of one of these? Let me hold somethin'.
desc5.30,desc,,Collin's getting more agitated. Tons of nervous energy. He's almost talking to himself at this point.
utter5.31,utter,COLLIN,"Three days Miles, I got three days. Let me out."
utter5.32,utter,DEZ,"Yeah, I sell you that one for 200."
utter5.33,utter,MILES,I wanted something kinda... more western though. No disrespect. It just kinda look too cop-ish.
utter5.34,utter,DEZ,"Yeah, I mean I got like three more. One by each of Collin's feet..."
desc5.35,desc,,Collin looks down. Uh oh.
utter5.36,utter,DEZ (CONT'D),"(turns to Collin) Collin, grab them right quick..."
desc5.37,desc,,"Collin reluctantly grabs the two guns near his feet, under the seats."
utter5.38,utter,DEZ (CONT'D),"...and one in the airbag thing right there, plus the one in my pocket... (beat) ...but you can't have that."
desc5.39,desc,,Dez and Miles grab the remaining guns from the locations Dez described. They're now all holding guns.
utter5.40,utter,COLLIN,"Nigga! Why are there FIVE guns in the car, Dez?!"
desc5.41,desc,,"Miles turns, gun in hand, to look at Collin."
utter5.42,utter,MILES,"Oooh! Yours is dope, Collin!"
utter5.43,utter,COLLIN,"It's not mine! Let me out! Don't point that shit at me, Miles!"
utter5.44,utter,MILES,I'm not pointing it!
utter5.45,utter,COLLIN,Stop pointing it at me!
utter5.46,utter,MILES,Don't point that shit at me. I have a child!
utter5.47,utter,COLLIN,"I have a life, nigga."
utter5.48,utter,MILES,These aren't loaded.
utter5.49,utter,DEZ,Those are fasho loaded.
desc5.50,desc,,Now Miles is freaked out. They are both pointing guns at each other and won't stop.
utter5.51,utter,MILES,Stop pointing that!
utter5.52,utter,COLLIN,"Pro-ba-tion, Miles! Let me out!"
utter5.53,utter,MILES,"(concerned) Oh, right. How'd your last check-in go today?"
utter5.54,utter,COLLIN,It was coo. He just mentioned like a few reminders for until Saturday.
utter5.55,utter,MILES,"Oh, that must feel good. That makes me really happy. What reminders?"
utter5.56,utter,COLLIN,DON'T GET STUCK IN A CAR WITH TWO
desc5.57,desc,,"NIGGAS AND SIX GUNS, SMOKIN'"
utter5.58,utter,DEZ,This is prescription.
utter5.59,utter,COLLIN,"Oh, and I'll bet these guns are all registered?"
utter5.60,utter,MILES,"Fucked up part is even if we shot each other at the exact same time, the story would be, ""Black convicted felon shoots white innocent father. White father selfdefense retaliates in record time."""
utter5.61,utter,DEZ,"""Black man forces white man to wear gold teeth at gunpoint before kidnapping and murder."""
utter5.62,utter,COLLIN,"""Investigation into possible Jihadist motives behind black Muslim shooter in the self defense reverse racism murder case."""
desc5.63,desc,,Collin sees the time. It's 10:30.
utter5.64,utter,COLLIN (CONT'D),"Curfew, Miles! (yells at Miles and Dez) LET ME OUT OF THE FUCKING CAR!"
desc5.65,desc,,Miles turns to Dez and calmly asks:
utter5.66,utter,MILES,200 for Collin's gun?
utter5.67,utter,COLLIN,IT'S NOT MY GUN!
desc5.68,desc,,Dez's phone beeps in his lap.
utter5.69,utter,DEZ,"Yup. Now get the fuck out, I got a Uber pick up."
utter5.70,utter,MILES,"Tight. Wait, this an Uber?"
utter5.71,utter,DEZ,"Money every way I can get it, nigga. In-Deed!"
scene6,slugline,,MILES
desc6.72,desc,,Miles puts the gun in his jacket and pays Dez. Collin and Miles exit Dez's car. We go WIDE to REVEAL...
scene7,slugline,,EXT. KWIK WAY - PARKING LOT - NIGHT - CONTINUOUS
desc7.73,desc,,"They were doing a gun deal in a busy fast food parking lot. Inside a brightly colored car with giant rims and tinted windows. There are tons of people walking to and fro. There's a large banner celebrating the ""GRAND RE-OPENING."" The Kwik Way is an Oakland staple, recently purchased and restored to appeal to the new influx of young people. Miles throws his HALF-EATEN BURGER on the ground. He angrily YELLS at the discarded food item:"
desc7.74,desc,,YOU'RE NO KWIK WAY! Collin looks at the wrapper at Miles's feet.
utter7.75,utter,COLLIN,"Oh, you got the vegan burger too. That's why-MILES I didn't order a vegan burger. YOU ordered a vegan burger?"
utter7.76,utter,COLLIN,You have to specify meat.
utter7.77,utter,MILES,I have to specify meat?!
utter7.78,utter,COLLIN,Feel like this can be a truck conversation.
utter7.79,utter,MILES,Okay. Okay. Onward. Make way for the Scorpion King!
desc7.80,desc,,"Scorpion King is a nickname Miles has for Collin, but based on Collin's reaction... it doesn't seem like he's into it. They begin walking, leaving the parking lot."
scene8,slugline,,EXT. DOWNTOWN OAKLAND STREET - MOMENTS LATER
desc8.81,desc,,"Collin's still carrying his leftover bag of food. They make their way down the middle of the street, walking towards their car. Miles lights up a joint and blows smoke away from Collin."
utter8.82,utter,COLLIN,Why the hell'd you get that gun?
utter8.83,utter,MILES,"Someone come breakin' down my door at 2:00 AM. I got my girl there. My three year old. Can't hit them with some potato ""wedges."""
desc8.84,desc,,Collin begins to rap:
utter8.85,utter,COLLIN,Grand opening of the new Kwik Way /
desc8.86,desc,,wish I knew a quicker way /
desc8.87,desc,,look like they belong to fancy stars but-Collin gets stuck. Miles chimes a set up for Collin.
utter8.88,utter,MILES,...but just some mothafuckas pull up from the boulevard /
scene9,slugline,,Oakland city-COLLIN
utter9.89,utter,Oakland city /,Pity / if you new to the view bet this all a bit dizzy /
desc9.90,desc,,"Gillespi, Paid on the blade like"
utter9.91,utter,Gretsky,Yessssss!
utter9.92,utter,MILES COLLIN,"Paid OFF of blade like Wesley-- / Yas, come on! Got 3 more days 'til he free tho-COLLIN Got 3 more days 'til I'm free tho / then I'm movin up / hope I move enough / money in my pocket we get paid just for movin' stuff!"
utter9.93,utter,COLLIN AND MILES,Money in my pocket we get paid just for movin' stuff! We suddenly realize their car isn't a car at all...
desc9.94,desc,,They get into a GIANT EZ-LIFT MOVING TRUCK. This is their job. Miles and Collin are movers.
scene10,slugline,,EXT. OAKLAND STREETS - NIGHT
desc10.95,desc,,The EZ-Lift truck drives through West Oakland. It's a ghost town at night. Streets are empty except for their truck.
scene11,slugline,,EXT. MILES'S APARTMENT - NIGHT
desc11.96,desc,,They pull up in front of Miles's apartment building. It's across the street from RIVER NILE MARKET AND LIQUOR.
scene12,slugline,,INT. EZ-LIFT MOVING TRUCK - CONTINUOUS
desc12.97,desc,,Collin puts the truck in park. Miles wraps up the conversation and starts to get out. They slap hands.
desc12.98,desc,,"We really need cars, eventually."
utter12.99,utter,COLLIN,"Ey. If you have that gun on you, don't tell me. Plausible deniability."
desc12.100,desc,,Miles pulls out the gun.
utter12.101,utter,MILES,You mean THIS gun? HA!
utter12.102,utter,COLLIN,"Yes, I don't wanna be caught concealing a deadly white person concealing a deadly weapon."
utter12.103,utter,MILES,THIS GUN!? RIGHT HERE??!!
desc12.104,desc,,Miles waves the gun out the window. No one's around but it's still reckless. Collin reaches over and opens Miles's door. He begins pushing Miles out of the truck.
utter12.105,utter,COLLIN,"Alright, get the fuck out."
scene13,slugline,,INT. EZ-LIFT MOVING TRUCK - LATER
desc13.106,desc,,"Collin takes a bite of his Kwik Way burger, and hates it. He pulls up to a red light, and looks at the clock. It's 11:03pm. Uh oh. Collin is super anxious. He taps the wheel... ...staring at the RED LIGHT."
utter13.107,utter,COLLIN,(mumbling) Come on... Come on... Come on...
scene14,slugline,,EXT. OAKLAND STREET - SAME TIME
desc14.108,desc,,"We are following behind a BLACK MAN running frantically, we hear heavy breathing and arms running wildly. The street looks similar to the area Collin is in."
scene15,slugline,,INT. EZ-LIFT MOVING TRUCK - SAME TIME
desc15.109,desc,,"Collin is humming along to the song, which feels oddly happy and poppy for him. He looks around and contemplates running the red light."
scene16,slugline,,EXT. OAKLAND STREET - SAME TIME
desc16.110,desc,,"The black man is running towards an intersection. We hear someone behind him yell... AUTHORITATIVE VOICE STOP! STOP! He glances back, we barely get a look at his face. He bolts towards the intersection. It is frantic and shaky."
scene17,slugline,,INT. EZ-LIFT MOVING TRUCK - SAME TIME
desc17.111,desc,,"The light is still RED. Collin takes another glance at the clock, and decides to gun it through the light. As he's about to take off-There's a COMMOTION down the street, and suddenly-Collin's POV: A BLACK MAN, about Collin's age, runs through the crosswalk, and as he passes Collin's truck... SLOW-MOTION: Collin and the man lock eyes. One thing is very clear... The man is scared and running for his life. ...the man SLAMS his hands on the hood to brace himself, and bolts down the street in the direction Collin came from. Collin sticks his head out the window to see why the man is running, and then suddenly... ...a uniformed COP appears on foot, and... STOP!"
scene18,slugline,,COP
desc18.112,desc,,"The cop draws his weapon-BLACK MAN Don't shoo---and opens fire. One LOUD GUN SHOT rings out, setting off a CAR ALARM across the street. Collin falls back into the truck, taking cover. He watches the rest of the scene play out in the side mirror. The cop fires THREE more times. It's raw and brutal. The man falls to the ground. We hear other cop cars on the way. SIRENS. Collin is still looking at the mirror when---he locks eyes with the COP! It's extremely tense. The cop is in shock. Collin is horrified. The cop quickly looks down and away. Two other cop cars arrive. Red and blue lights flood the scene, as we hear other cars approach and screech to a stop. The CAR ALARM is still ringing loudly over all this. A SECOND COP suddenly appears at the EZ-LIFT truck window-MOVE!"
scene19,slugline,,SECOND COP
desc19.113,desc,,Collin doesn't need to be told twice. He puts his foot on the gas and speeds off into the night.
scene20,slugline,,EXT. STREET NEAR COLLIN'S HALFWAY HOUSE - NIGHT
desc20.114,desc,,Collin locks the truck and walks down the street. Still stunned and in horror. He approaches the front door of a TWO STORY VICTORIAN HOUSE.
scene21,slugline,,INT. COLLIN'S HALFWAY HOUSE - NIGHT
desc21.115,desc,,"The lights are out. Collin steps inside, and walks down the hall. There is a small light over a chore-board. The top of it reads SECOND START HALFWAY HOUSE, with a grid of names and chores. We focus on it as he passes, still in pure shock."
scene22,slugline,,INT. COLLIN'S HALFWAY HOUSE - COLLIN'S ROOM - MOMENTS LATER16
desc22.116,desc,,"Collin closes his door and locks it. His room is not much bigger than a prison cell. The space between the bed and the wall is only a few feet. He sits on the edge of the bed and stares blankly. KNOCK. KNOCK. Someone aggressively KNOCKS on the door. Collin jumps but doesn't blink or move. JAMES, the halfway house manager who we will meet later, yells through the door."
utter22.117,utter,JAMES (O.S.),"11:00 PM is a required curfew, Mr."
utter22.118,utter,Turner!,"(beat) It is 11:09! And you have bathroom duty this week! (beat) Is that understood? Verbal confirmation, please!"
desc22.119,desc,,"Collin is completely tuned out and staring blankly. The faint sound of an AGGRESSIVE ALARM CLOCK can be heard. At the last moment, we see him turn his gaze to the door and snap out of it just enough to prepare to answer."
scene23,slugline,,SUPER: TWO DAYS LEFT OF PROBATION
desc23.120,desc,,"We hear the sounds of the final moments of the shooting. Feet running, ""STOP"" yelled by the cop, and then a GUNSHOT finally startles Collin awake--"
scene24,slugline,,INT. COLLIN'S HALFWAY HOUSE - COLLIN'S ROOM - MORNING
desc24.121,desc,,"We are close on Collin's eyes jolting open. The sound of the alarm clock gets louder. He turns it off and sits up, distraught and unrested. Collin looks over at the map of the east bay on his wall. Alameda county is outlined with a marker, showing where he can and can't go. On his bedside table are travel books full of bookmarks. Collin grabs his hoop shoes and headphones."
scene25,slugline,,EXT. STREETS OF OAKLAND - DAY
desc25.122,desc,,Collin FREESTYLES to himself as he jogs up from Telegraph Ave. over to Piedmont Ave. He rounds the corner where we reveal...
scene26,slugline,,THE KONA CLUB
desc26.123,desc,,"We'll see more of this place later. Collin takes note of the doorway. As he passes, there's a LOUD BANG. Collin flinches and spins around. He sees nothing. It must have been a car backfiring. He is relieved. Not a gunshot. He keeps running until he reaches..."
scene27,slugline,,EXT. THE MOUNTAINVIEW CEMETERY - CONTINUOUS
desc27.124,desc,,"Collin runs through the cemetery. He looks at the headstones. He's shook, remembering what he saw last night."
scene28,slugline,,INT. MILES'S APARTMENT - LIVING ROOM - DAY
desc28.125,desc,,"SEAN (3, black) runs through the apartment. It's somewhat shadowy despite the amount of sunlight through the windows. Kids toys pepper the floor. ASHLEY (29, black) is barefoot, in shorts and a t-shirt. Her hair is still wet after a shower. Miles grabs Sean to put on his jacket. Miles is in jeans and shirtless, he is covered in small, scattered tattoos. Collin is standing in their kitchen."
utter28.126,utter,COLLIN,I saw the cops kill a nigga last night...
utter28.127,utter,MILES,(covering Sean's ears) What do you mean you saw it?
utter28.128,utter,COLLIN,"Over by Broadway and 51st. He ran by the truck, then the cops showed up and shot him."
utter28.129,utter,ASHLEY,Who got shot?
utter28.130,utter,COLLIN,I don't know.
utter28.131,utter,MILES,But he's definitely dead though?
utter28.132,utter,COLLIN,"Yeah, they shot him like four times."
desc28.133,desc,,"Hearing this, Miles and Ashley groan."
utter28.134,utter,MILES,I mean he coulda lived. It ain't like they shot him 14 times like that Milwaukee dude. What's his name?
utter28.135,utter,ASHLEY,"Miles, not helpful. Are you okay?"
desc28.136,desc,,Collin SHRUGS.
utter28.137,utter,COLLIN,"Yeah, I'm good."
desc28.138,desc,,Sean starts punching Miles like a boxer over and over again.
utter28.139,utter,MILES,"Ey, ok ok lil' man, I get it. It wasn't about you for a moment, you ain't gotta KO me! Show Collin them hands, boy!"
desc28.140,desc,,Miles puts his muscles up like Popeye.
utter28.141,utter,MILES (CONT'D),I'm a tough guy!
utter28.142,utter,SEAN,I'm tuff guy!
utter28.143,utter,MILES,I'm the toughest mothafucka in allMiles!
desc28.144,desc,,"Miles points at Collin, and tells Sean to..."
utter28.145,utter,MILES,Get him! What the hell was dude's name...
desc28.146,desc,,"Sean runs over and starts trying to box with Collin. Collin immediately goes into play mode with Sean. They pretend box, and run into the living room together. Miles and Ashley have a quiet conversation in the kitchen:"
utter28.147,utter,ASHLEY,"No, it has to be Centro Vida preschool in Berkeley!"
utter28.148,utter,MILES,It's 200 more per fuckin week!
utter28.149,utter,ASHLEY,That's because it's the only bilingual pre school that I can get to on the train.
utter28.150,utter,MILES,Why he gotta be bi-lingual? He already bi-racial!
desc28.151,desc,,Ashley looks at him not entertained and irritated.
utter28.152,utter,MILES (CONT'D),"Ok! I got it, ok, he will go to casa vida, then he can translate for us when the Mexicans take California back."
utter28.153,utter,ASHLEY,"Use that mouthpiece, get us fancy pre-school money."
desc28.154,desc,,Miles and Ashley realize they're alone for a brief moment...
utter28.155,utter,MILES,Oh goodness - My hands are QUITE cold this morning' and I need them for moving things. So I'm just gonna warm them up... on... your... booty.
desc28.156,desc,,Miles puts his hands into Ashley's shorts and down her underwear like he is warming his hands on a fire. He kisses her face while he does it.
utter28.157,utter,ASHLEY,"HA! Excuse you! Ah, COLD! Your hands are so cold!"
desc28.158,desc,,"His hands land on her butt, and he squeezes with relief."
utter28.159,utter,MILES,Much better. Thank you kindly. Bye.
desc28.160,desc,,They give one big SMOOCH and Miles reaches for his jacket.
scene29,slugline,,EXT. RIVER NILE MARKET AND LIQUOR - DAY
desc29.161,desc,,"Collin and Miles dap up a few regulars standing outside the liquor store, and then walk inside."
scene30,slugline,,INT. RIVER NILE MARKET AND LIQUOR - DAY
desc30.162,desc,,"The CLERK rings up a customer as Collin and Miles walk in. Miles notices the TV on behind the counter. It's the local news covering the police shooting from the night before. ON SCREEN: ""RECENTLY RELEASED FELON DIES IN STANDOFF WITH POLICE"""
utter30.163,utter,MILES,"This what you saw? No shit. Oh yeah, he's definitely dead. (beat as he listens) You see this cop?"
desc30.164,desc,,Collin looks up to see the Cop's face on the news. We go in close up to hear-NEWSCASTER The officer involved has been put
desc30.165,desc,,Collin stares at the image of the cop on the screen.
utter30.166,utter,COLLIN,Yeah. I saw him.
utter30.167,utter,MILES,"(reference the cop photo) Why he wear his hat so low, ha! ...This cop see you? Yeah."
desc30.168,desc,,The Clerk finishes ringing up the customer in front of them.
utter30.169,utter,MILES,"(to Clerk) Ey, bro. You got my square. (to Collin) --and then you just left? Miles pays the Clerk a dollar for a single cigarette."
utter30.170,utter,COLLIN,"It was after 11, you know James always has something to say."
utter30.171,utter,MILES,They didn't wanna talk to you? You not gonna be a witness?
utter30.172,utter,COLLIN,"Hello, police? I want to report a murder you did. (beat) I was there after curfew. (beat) Yes, I'm on probation. Yeah. Convicted felon. (beat) Back to prison? Sure, tomorrow is good for me."
desc30.173,desc,,"Miles notices a display case full of hand-bottled healthy ""GREEN"" JUICES. They look out of place in a liquor store full of junk food and cheap booze."
utter30.174,utter,MILES,What the hell is this green shit? Bro!
desc30.175,desc,,Miles holds up the green juice.
utter30.176,utter,CLERK,"It's a local artisan protein something or other. Good for you, help you live longer."
desc30.177,desc,,Collin grabs one.
utter30.178,utter,COLLIN CLERK,Six dollars. WHAT?
desc30.179,desc,,COLLIN AND MILES
utter30.180,utter,MILES,Is it the blood of Jesus?? What the hell in this that it's six dollars?
utter30.181,utter,COLLIN,Lemme get one.
desc30.182,desc,,Miles looks at Collin.
scene31,slugline,,INT. EZ-LIFT MOVING TRUCK - DAY
desc31.183,desc,,They're on the way to work. Music is blasting. Collin is driving and FREESTYLE RAPS about what they see. Outside we see a montage of gentrification in full effect...
scene32,slugline,,EXT. STREET - DAY
desc32.184,desc,,Young women walk dogs through groups of Black men.
scene33,slugline,,EXT. STREET - DAY
desc33.185,desc,,GRAND OPENING signs on a remodeled cafe.
scene34,slugline,,EXT. STREET - DAY
desc34.186,desc,,A street sign spinner almost hits an affluent-looking older couple.
scene35,slugline,,EXT. STREET - DAY
desc35.187,desc,,An Asian man in a button up waits for an Uber car next to a Black man in a hoodie standing with his Pit Bull. END MONTAGE.
scene36,slugline,,INT. EZ-LIFT OFFICE - DAY
desc36.188,desc,,Collin and Miles enter a small shop. Just a front desk and a door leading to the back locker room for employees. There's SOOTHING MUSIC playing. Miles and Collin pick up their
scene37,slugline,,assignments for the day from...
desc37.189,desc,,"VALERIE GUTIERREZ (27), a Filipino woman wearing workout clothes. She's pretty. Clearly built tough. Tattoo on her shoulder. Tight ponytail, hair-sprayed down. She is burning incense in the lobby and reading a textbook of some kind."
utter37.190,utter,VAL,Good morning.
utter37.191,utter,MILES,"Namaste, Val. Your aura is really transcendent this morning. (MORE)"
utter37.192,utter,MILES (CONT'D),Did you cleanse your spirit of that superiority complex?
desc37.193,desc,,"Val stares blankly at Miles like he is scum, then looks at Collin as if to say: Yet another example of why Miles is an idiot. She notices the green juice in Collin's hand, and just flat out ignores Miles's fake question."
utter37.194,utter,VAL,Oh is that a green juice?
desc37.195,desc,,Miles grabs their assignment clipboard and starts reviewing the moves for the day.
utter37.196,utter,COLLIN,"Oh this? Why, I guess it is a green juice, huh? It's just, you know, part of my regiment. Little green juice, little... what's that class you take? SoulCycle."
utter37.197,utter,VAL COLLIN,Yeah. Little soul cycling. My soul is...
desc37.198,desc,,He takes a sip of his drink and exhales. COUGHING. Healthy.
utter37.199,utter,COLLIN (CONT'D) VAL,"Ah hah. Well, glad you're taking care of yourself."
utter37.200,utter,COLLIN,"Oh, definitely. How's the final stretch going?"
utter37.201,utter,VAL,"Finals are going to kill me, and every time I complain, my Mom says, ""nursing school is much easier."
desc37.202,desc,,"Look at Jessica and Tita Rachel"""
utter37.203,utter,COLLIN,It IS the family business.
utter37.204,utter,VAL,Yeah well...not everyone just does what the people around them do.
desc37.205,desc,,"Val side-eyes Miles as she says it, then looks back at Collin. Miles hears what she says and fires back."
desc37.206,desc,,Collin was involved in a shoot out
desc37.207,desc,,Collin spins around to face Miles.
utter37.208,utter,COLLIN,(mouthing silently) What the fuck?
utter37.209,utter,VAL,What?? Who were you OUT with??
desc37.210,desc,,Collin grabs the clipboard.
utter37.211,utter,COLLIN,"NO!, No. He's... I was NOT ... he's just fuckin with you, babe."
desc37.212,desc,,"She quickly turns her attention to that fact that he called her ""Babe."" And freezes up."
utter37.213,utter,COLLIN (CONT'D),"...Sorry. Val. Front desk girl. uh Front desk person. Irritated, she just wants to get back to work. Get going."
scene38,slugline,,INT. EZ-LIFT LOCKER ROOM - MOMENTS LATER
desc38.214,desc,,"Miles and Collin are getting ready at their lockers. There are a bunch of OTHER MOVERS getting ready for the day, including TEL and YORKIE. Yorkie's Brooklyn accent makes it very clear this guy is a recent transplant to Oakland. Fuck Val."
desc38.215,desc,,LITERALLY THE WHOLE LOCKER ROOM HEEEEYYYYY!
utter38.216,utter,MILES,She disloyal. She uppity. And she's
desc38.217,desc,,permanently in downward bitch pose. Yorkie gestures towards Collin.
utter38.218,utter,TEL,"Bro, that's his ex-girl. STAP."
utter38.219,utter,YORKIE,"You buggin, Miles. She got that nigga a job and lets you both take the truck home. Get out his head."
utter38.220,utter,COLLIN,"Thank you, Yorkie MILES She HAS to let us take the truck or we can't come to work. That's just a smart business choice. She's plenty smart. I'm just saying it's a shame she only applies that intelligence towards being a particularly high caliber of bitch."
utter38.221,utter,COLLIN,SIMMER. BRUH.
utter38.222,utter,MILES,Val pussy probably taste like a vegan Kwik Way burger.
desc38.223,desc,,"Everyone bursts out LAUGHING. Collin shakes his head, and looks at Miles. Too far."
desc38.224,desc,,Miles laughs even harder.
scene39,slugline,,EXT. PHOTOGRAPHY GALLERY - DAY
desc39.225,desc,,"The boys pull up in front of a small boutique gallery in the Old Oakland district. Collin rings the intercom buzzer. We cut back and forth between the boys outside, and an ECU of a MOUTH YELLING into an intercom inside on the other end. This is PATRICK, who we will see in the next scene."
utter39.226,utter,PATRICK (O.S.),I have another 24 hours!
utter39.227,utter,COLLIN,It's EZ LIFT!
utter39.228,utter,PATRICK (O.S.),"Read the lease, it ends tomorrow at 3pm, you vultures! GO AWAY!"
utter39.229,utter,COLLIN,It's EZ LIFT! Who??
utter39.230,utter,PATRICK (O.S.) MILES,It's EZ LIFT GODDAMN IT!
desc39.231,desc,,Long pause... the blinds open for someone to peak through. Then back to the intercom. Oh.
scene40,slugline,,PATRICK (O.S.)
desc40.232,desc,,"We hear the BUZZER for the door, and they go inside."
scene41,slugline,,INT. PHOTOGRAPHY GALLERY - DAY
desc41.233,desc,,"Miles and Collin are packing up everything inside the small gallery. PATRICK, an odd older man, gingerly helps them place frames in boxes. Miles and Collin are a little careless in the process. Patrick is being extra careful with his packing."
desc41.234,desc,,"Ok that's Teresa, Rodney, Oscar. Where is Vivian... She is such an evasive little firecracker. He sees Miles putting two photos in a box facing each other."
utter41.235,utter,PATRICK (CONT'D),Ohnonono! Don't have Marissa and
desc41.236,desc,,Kathy facing each other! They do
desc41.237,desc,,Miles slowly pulls a photo back out and spins it around to satisfy Patrick's odd request.
utter41.238,utter,COLLIN,So you're really into portraits? Well...
desc41.239,desc,,There is a long pause. Collin looks up.
utter41.240,utter,PATRICK (CONT'D),See there? You looked for my eyes.
utter41.241,utter,COLLIN,"Yeah, I'm talking to you."
utter41.242,utter,PATRICK,"We look into eyes when we want to better understand. To love. YET, it's impolite to stare. Why? And"
desc41.243,desc,,"when we're ashamed, what do we do? We look away. Hmm."
utter41.244,utter,MILES,(stares at photo) I'm not ashamed of how I feel about you.
utter41.245,utter,PATRICK,My work hopes to make people fall
desc41.246,desc,,in love.
utter41.247,utter,COLLIN,With a photo?
desc41.248,desc,,"Miles stares at a picture of a beautiful woman, as he takes it down off the wall."
utter41.249,utter,MILES,"It's workin, Patrick. (looks at the name tag) Hellooooo Tina."
desc41.250,desc,,"Collin begins to pack another frame, and this photo is of trees, superimposed over street corners in the city."
utter41.251,utter,COLLIN,So then... I love... trees?
utter41.252,utter,PATRICK,That's from the last exhibit. I
desc41.253,desc,,superimposed photographs of Oak trees over the neighborhoods and corners where they used to grow. Patrick pulls a few pictures of superimposed trees out of a box and shows them to the boys.
utter41.254,utter,PATRICK (CONT'D),"To remind people they used to be EVERYWHERE, but were cleared out to build the city. Now they're only on the damn street signs."
desc41.255,desc,,Miles looks back up at the girl portraits on the wall.
utter41.256,utter,MILES,"Well, I see why you switched it up. The trees weren't as photogenic as Viveca here. Does... she..."
utter41.257,utter,MILES (CONT'D),live around here? I'm helping a friend get over this wicked bitch of an ex.
desc41.258,desc,,"Patrick, seemingly not paying attention to Miles, stares at the photo of Viveca. Patrick spins Miles around to look at Miles's name tag."
desc41.259,desc,,"Miles. She IS an Oak tree, and she"
desc41.260,desc,,The boys react like she died.
utter41.261,utter,PATRICK (CONT'D),"Lives way out in Antioch now. They react as if it's worse, she lives in Antioch. Patrick"
desc41.262,desc,,points up at one wall still filled with photographs of faces. He gestures grandly.
utter41.263,utter,PATRICK (CONT'D),"These are all people who were forced out, for the NEW Oakland. Oh boys, they are cutting us down! That's why faces, eyes! To stare is to SEE!... Here look, come here, come here..."
desc41.264,desc,,Patrick grabs Miles and Collin and faces them towards each other.
utter41.265,utter,PATRICK (CONT'D),Just stare at each other a moment.
utter41.266,utter,MILES,"Oh, we're good. I see enough of him. We're practically married."
utter41.267,utter,PATRICK,It's not sexual. NOW it is.
utter41.268,utter,MILES PATRICK,It's just about finding the soul.
utter41.269,utter,COLLIN,"Yeah, man. Find my soul."
utter41.270,utter,MILES,Oh I left my cycle for it at home.
utter41.271,utter,PATRICK,"Shhhhhh. Look into the soul of each other. SHH. SHH. SHH. Look. Deep. Look, deep. Connect. Understand..."
desc41.272,desc,,"There is a long pause. They both twitch uncomfortably. It seems like they are going for it, taking the suggestion"
desc41.273,desc,,...then we see Miles's hand float into the frame as he pinches Collin's nipple. Patrick laughs in resigned disappointment.
utter41.274,utter,MILES,"Patrick, you're a swell mothafucka and I dig everything but this part."
utter41.275,utter,PATRICK,"Well, maybe that's why no one came. No one's ready to take the closer look. Come now, let's finish up with these boxes."
scene42,slugline,,EXT. PHOTOGRAPHY GALLERY - DAY
desc42.276,desc,,"The boys load the final box from the art gallery into Patrick's truck and close the door. A few photos remain resting outside the boxes, the people in the photos stare out the door as the boys slam it closed."
utter42.277,utter,COLLIN,You making room for a new show or something?
utter42.278,utter,PATRICK,No. No. I sold the Gallery. It's going to be a ...Pet hotel.
desc42.279,desc,,Patrick seems uncomfortable and saddened by sharing that news. The boys look confused.
utter42.280,utter,PATRICK (CONT'D),It's a resort for dogs to get.. Spa day sort of thing. For Animals. Anyway. Thank you boys for your
desc42.281,desc,,"help today, Miles and..."
utter42.282,utter,MILES,"Oh this is Collin, nice catchin' your vibe bro."
desc42.283,desc,,Miles walks away. Patrick takes a long look at Collin. Collin looks at Patrick.
utter42.284,utter,PATRICK,Are you alright?
utter42.285,utter,COLLIN,"Yeah, I'm.. yeah."
desc42.286,desc,,Patrick attempts to stare reassuringly into Collin's eyes.
utter42.287,utter,PATRICK,It's alright if you're not.
desc42.288,desc,,Collin looks away uncomfortably.
utter42.289,utter,COLLIN,"Uh, I'm good. (hands Patrick the clipboard) Sign here."
desc42.290,desc,,"Patrick gets in his truck and walks away. They walk back to their truck a few cars down. Collin climbs into the cab, while Miles stands in the street and lights a cigarette. We start to hear faint music approaching. Collin's phone rings."
scene43,slugline,,INT. EZ-LIFT MOVING TRUCK - CONTINUOUS
desc43.291,desc,,"He pulls his phone out of his pocket and answers. Hey, Mom."
scene44,slugline,,EXT. EZ-LIFT TRUCK - CONTINUOUS
utter44.292,utter,MILES,"Oh no, Capoieristas."
desc44.293,desc,,"A bunch of young white people wearing loose white pants and white shirts start pouring out of a capoeira cafe a few doors down from where the truck is parked. They are barefoot, some of them playing traditional Brazilian instruments. They start to form a circle in the street, singing and clapping, about to begin a Capoiera Hoda. Two people begin playing a game in the middle, kicking, rolling and flipping. They are blocking the entire street. They sing: GROUP Paranaue, paranaue parana!"
scene45,slugline,,INT. EZ-LIFT MOVING TRUCK - DAY
utter45.294,utter,COLLIN,"Well, I got the truck, so Miles and I can move it out of there right now. We're over by the parkway."
scene46,slugline,,EXT. EZ-LIFT MOVING TRUCK - DAY
utter46.295,utter,MILES,"No! Ey, we gotta get through, move out the way."
scene47,slugline,,"Paranaue, Paranaue parana!"
desc47.296,desc,,Miles sings along with the song but changes the lyrics.
utter47.297,utter,MILES,Get out the wayyyyy! Get the fuck out the wayyyy of our truck!
desc47.298,desc,,Miles walks right into the middle of the circle. They think he is playing and try to play with him.
scene48,slugline,,INT. EZ-LIFT MOVING TRUCK - CONTINUOUS
desc48.299,desc,,"Collin continues to watch from the cab, and narrates for his Mom."
utter48.300,utter,COLLIN,"Uh oh, some people just started playing capoiera around miles yeah the brazilian.. martial art dance thing. (beat) Of course it's all white people."
scene49,slugline,,EXT. EZ-LIFT MOVING TRUCK - CONTINUOUS
utter49.301,utter,MILES,"Ey, go do your mock slave revolt dance show somewhere else!"
desc49.302,desc,,One of them dances around Miles. He play kicks at Miles and lands a foot on his chest softly. Miles pushes his leg away and gets really angry. He starts walking towards the dancefighter but stops when someone else does a cartwheel in and switches places with the guy. Miles is so angry and confused. He keeps getting spun around by legs and flips.
utter49.303,utter,MILES (CONT'D),Collin! (to Group) Soon as one of yal stands still I'm knockin yal back to Portland.
scene50,slugline,,INT. EZ-LIFT MOVING TRUCK - CONTINUOUS
desc50.304,desc,,Collin decides it's time to intervene. He rolls his eyes as if this happens a lot.
utter50.305,utter,COLLIN,"Sigh. Mom, I gotta go."
desc50.306,desc,,Collin gets out of the truck.
scene51,slugline,,EXT. EZ-LIFT MOVING TRUCK - CONTINUOUS
desc51.307,desc,,"Collin gets out of the truck and walks over to help Miles. As Collin enters the circle, he puts his hand over the instrument and stops the music."
utter51.308,utter,COLLIN,"(on phone, to his Mom) Yeah, see you soon. (to Miles) Come on bruh, let's go."
desc51.309,desc,,"When he interrupts the instruments, a few people walk up to him. One of them tries to get Collin to leave."
utter51.310,utter,CAPOEIRISTA #1,"Hey man, don't disrespect the space, man!"
desc51.311,desc,,"The man comes from Collin's side and grabs his arm, just like at Kona. Collin, caught off guard, quickly snaps and grabs the guy with his full strength and jerks him around. He is suddenly intimidating and aggressive."
utter51.312,utter,COLLIN,"Ey, don't fuckin touch me!"
desc51.313,desc,,Miles goes into fight mode as well. He pushes the guy hard.
utter51.314,utter,MILES,Who the fuck are you grabbin?!
desc51.315,desc,,"Everyone gets alarmed. Collin immediately lets go, catching himself before he hurts someone. He pushes Miles back as well, stopping him from escalating the situation. They try to settle it with the Capoeiristas."
utter51.316,utter,COLLIN,"We got to get to work, go cartwheel in your dojo."
utter51.317,utter,CAPOEIRISTA #2,We have a permit to perform in the street from the city!
utter51.318,utter,MILES,"Well you asked the wrong city then, cuz we didn't sign shit for you!"
desc51.319,desc,,Collin grabs Miles before he gets fired up again. LET'S GO!
desc51.320,desc,,"The boys get back in their truck. They turn on the engine and start pulling through the group. They honk the horn while the group shouts and scoffs at them. A few yell things like, ""Get out of here!"" ""hurry up!"" ""Leave!"" People bang on the side of the truck. Collin honks and drives through. Miles is flipping them off and taunting them."
utter51.321,utter,COLLIN (CONT'D),Why the fuck you always gotta take it there?
utter51.322,utter,MILES,The man. Put his FOOT on me.
scene52,slugline,,INT. EZ-LIFT TRUCK - DAY
desc52.323,desc,,"Miles and Collin freestyle with each other about things they see. Miles sets Collin up with a line, and Collin raps until he can't think of anything else. Miles helps again to start him up, and then Collin keeps going."
scene53,slugline,,INT. COLLIN'S MOTHER'S HOUSE - LIVING ROOM - DAY
desc53.324,desc,,"JIMMY, 7-YEAR-OLD ASIAN KID sits on a fluffy couch with an AFRICAN PRINT BLANKET thrown over the back. He's playing a very violent game similar to CALL OF DUTY. Jimmy shoots a soldier in the head. Miles and Collin stand in the front doorway, confused. Jimmy stops playing to look at them. Collin and Jimmy exchange a long stare down. Jimmy reaches for his CUP OF JUICE sitting next to him."
utter53.325,utter,MILES,Who is lil' homie drinking out of that dinosaur mug you made in 5th
utter53.326,utter,COLLIN,"My ""Mugasaurus."""
desc53.327,desc,,"Jimmy pauses for a moment, as if aware of Collin's disapproval, and then takes a sip from ""Mugasaurus."""
desc53.328,desc,,"Collin charges through the house, Miles in his wake. Mom!"
utter53.329,utter,COLLIN (CONT'D) NANCY (O.S),"I'm in the bathroom, Sir! Who is this?"
desc53.330,desc,,Miles is holding the Jimmy up in the air.
utter53.331,utter,COLLIN,"You didn't have to pick him up, that's Marty's son!"
utter53.332,utter,MILES,I got questions!
desc53.333,desc,,Collin and Miles peek around the corner to see Collin's old room full of little kid stuff and a bunch of drums.
utter53.334,utter,COLLIN,Wait WHAT? He lives in my room!! Really???
utter53.335,utter,NANCY (O.S),"Miles, put Jimmy down."
utter53.336,utter,COLLIN,I'm moving home in two days!
utter53.337,utter,MILES,How the hell she know I was holdin' the...
desc53.338,desc,,Miles looks over to see that Jimmy has texted her.
utter53.339,utter,MILES (CONT'D),Quick hands! You techy snitch!
utter53.340,utter,COLLIN,What is happening right now!
scene54,slugline,,INT. COLLIN'S MOTHER'S HOUSE - KITCHEN - DAY
desc54.341,desc,,"The kitchen is full of African art. Black history. Colorful. Little sculptures, artifacts. NANCY, Collin's Mom, is wearing an African print shirt, jeans and natural hair."
utter54.342,utter,NANCY,"Marty moved in, so we needed a room"
desc54.343,desc,,for Jimmy.
utter54.344,utter,COLLIN,When were you gonna tell me you gave away my room?
utter54.345,utter,NANCY,"Boy, that is not YOUR room, that is my guest room that you once lived in. You really couldn't find an apartment? The whole damn city got"
desc54.346,desc,,a FOR RENT sign on it!
utter54.347,utter,COLLIN,"""Have you ever been convicted of a felony? If so, what was the nature of the crime?"""
utter54.348,utter,NANCY,Well... I just assumed you'd be here for a little bit and then eventually... you and Val would...
utter54.349,utter,COLLIN,"What?? -- I don't wanna talk about Val, Mom."
utter54.350,utter,NANCY,"You don't like talking about her, she doesn't like talking about you-I do not understand you two."
utter54.351,utter,COLLIN,How often are you talkin to her?
utter54.352,utter,NANCY,"I took her to get her car at Mercer's, we get our hair done together, and she came over a few days ago to borrow-COLLIN Mom, we're not together right now!"
utter54.353,utter,NANCY,"OK! ok. Well Jimmy and all my drums live in guest room ""A"" now. Clear out the last of Shanai's stuff off HER old bed and you have the room for a bit. But it's not your"
scene55,slugline,,"bedroom, it's my guest room ""B."""
utter55.354,utter,MILES,Where IS your sister now?
desc55.355,desc,,Nancy goes to the couch side table to get a pamphlet.
utter55.356,utter,NANCY,"Oh, Shanai's in Bali! Teaching noneurocentric beauty techniques to girls in underdeveloped nations, right on right on. Cosmetology degree is a success, turns out."
desc55.357,desc,,She hands the pamphlet to Collin.
utter55.358,utter,NANCY (CONT'D),"Give this to Ashley please when you see her. Tell her it's from me. We don't get a good look at the pamphlet now, but we see"
desc55.359,desc,,"Collin look at it, and put it in his pocket."
utter55.360,utter,COLLIN MILES,What's that?
utter55.361,utter,NANCY,"Something for Ashley, and you'll just lose it."
utter55.362,utter,MILES,You're not wrong.
desc55.363,desc,,"MARTY gets home, comes in and kisses Collin's mom. He's a middle-aged Chinese man who spent his whole life in Oakland."
utter55.364,utter,MARTY,"Hey, baby. Hey, look at this good lookin' man. How are you, brotha? Stayin' out of trouble?"
desc55.365,desc,,Marty gives Collin a quick hug and a pat on the back.
utter55.366,utter,COLLIN,"What's up, Marty? I'm good man."
desc55.367,desc,,Miles walks away to investigate what's in Shanai's old room. Marty looks closer at Collin. You sure?
utter55.368,utter,MARTY COLLIN,"...Yeah, why does everyone keep asking me that today?"
desc55.369,desc,,Miles comes back in the room carrying a box of flat irons.
utter55.370,utter,MILES,"Hey, can we take these?"
utter55.371,utter,NANCY,Ain't nothin but a bunch of Shanai's old flat irons. What you gonna do with those?
scene56,slugline,,INT. BEAUTY SHOP - DAY
desc56.372,desc,,"Miles and Collin enter a beauty shop filled with BLACK WOMEN getting their hair done. Some young. Some old. All skeptical of the white guy with the flat irons and his hood friend. Miles immediately switches demeanor to that of a trustworthy salesman. Collin leans up against the front desk, chatting with the RECEPTIONIST. FLAT IRONS. Top of the line, alloy metallic based, heat absorbent... Metal. Variety of different grips"
utter56.373,utter,COLLIN,(to Receptionist) This is going to be a show... WOMAN #1 Oh hell no!
utter56.374,utter,COLLIN,"And we're off! We have ceramic and titanium, a number of different colors. They all heat up in under two minutes, some for home some for travel, fit"
desc56.375,desc,,"right in the glove box, wide plates"
desc56.376,desc,,They look old.
utter56.377,utter,COLLIN,A quick observation by the home team!
utter56.378,utter,MILES,"Came from the cosmetology school after one class, out the box but not outta gas. They only use the best, to teach the worst to become the best, now I got the best in front of me and best is what you deserve, so let go of the rest, ya heard, come on!"
utter56.379,utter,COLLIN,Winding up now!
utter56.380,utter,COLLIN,He got them talking numbers. Can he take it home!
utter56.381,utter,MILES,How much was the one you are holding?
utter56.382,utter,MILES,"Oh my goodness, I would never these are half whatever you got in your hand, and hand to god I'll bet they work better."
utter56.383,utter,WOMAN #2,"Okay. Who the hell is this white boy? Final play, he slidin' into home. West Oakland home grown bay boy bout his town business - Matter of fact one hundred percent of our profit today from these barely used, multi-colored artisanal flat irons, supports bi-lingual education for youth of Oakland, and helps support men transitioning out of incarceration for strong second chances, which we know our community needs, am I right, my brotha?"
desc56.384,desc,,"He turns to Collin, who has his hands in his face laughing."
utter56.385,utter,COLLIN WOMAN #3,...How do we know they work?
utter56.386,utter,COLLIN,"Oh, it's a wrap, he's bout to sell every one of them damn things in that box. The boy got the mouthpiece like a mothafucka I'm tellin' you. I don't even understand how he..."
desc56.387,desc,,Collin looks up to see the entire room staring at him.
utter56.388,utter,COLLIN (CONT'D),What? Why is everyone looking at my hair?
scene57,slugline,,EXT. MILES'S APARTMENT - NIGHT
desc57.389,desc,,Collin's hair is freshly pressed. Miles and Collin are sitting on the front steps of Miles's building. Miles counts his new cash.
desc57.390,desc,,"I think it looks good. As he digs in his pocket for more loose cash, Miles's gun falls out of his pocket. He quickly grabs it and puts it back."
utter57.391,utter,COLLIN,Oy. Plausible deniability ruined.
utter57.392,utter,MILES,It ain't like I'ma shoot someone. I just like to be prepared.
desc57.393,desc,,Collin SIGHS.
utter57.394,utter,COLLIN,What'd you make?
utter57.395,utter,MILES,"We made 600... so you made 300. Here, bro."
utter57.396,utter,COLLIN,"Nah, that's all you. For La Raza day care."
utter57.397,utter,MILES,"You're gonna make it two weeks with your new Asian roommates so consider this rent money towards your own apartment. Plus, no such thing as ""all me."""
utter57.398,utter,COLLIN,Ha! Thanks man.
utter57.399,utter,MILES,Family over everything. It's good.
desc57.400,desc,,"Ashley walks up. Sean in one hand, shopping bag in the other."
utter57.401,utter,MILES (CONT'D),"Hey, baby. (to Sean) What's up, tough guy?!"
desc57.402,desc,,Ashley pretends to help Sean hold his muscles up.
utter57.403,utter,ASHLEY,"Well hello, Collin's perm!"
utter57.404,utter,COLLIN,Yeah... Collin loves the kids.
utter57.405,utter,ASHLEY,"Well whoever did that perm does not love you, that looks fuckin' terrible. You should go wherever your Mom and Val went. Your Mom's hair looks great."
utter57.406,utter,MILES,What you talkin to Val for?
utter57.407,utter,ASHLEY,"Calmate! I didn't break the picket line, I just follow her on the social medias."
utter57.408,utter,COLLIN,"Everybody can still be friends with Val. It's fine, go ahead I mean, Val's a great person!"
utter57.409,utter,MILES,No she's not. Fuck Val.
desc57.410,desc,,"Ashley shakes her head, and starts to head upstairs. Collin pulls out the pamphlet his mom gave him and hands it to Ashley as instructed."
utter57.411,utter,COLLIN,"Oh, my Moms told me to give this to you."
desc57.412,desc,,Ashley glances at the pamphlet.
utter57.413,utter,ASHLEY,"Oh, ok... So Collin, how bout a little celebration dinner here tomorrow night for the end of your ... probation stuff. I could do like grilled salmon, sauteed"
desc57.414,desc,,"spinach, mushrooms-Miles pretends to throw up, Ashley notices."
utter57.415,utter,ASHLEY (CONT'D),--and a fatty hamburger for this unhealthy full grown adult.
desc57.416,desc,,Miles nods in approval and gives a thumbs up.
utter57.417,utter,COLLIN,Sounds great.
desc57.418,desc,,Ashley and Sean start to walk up the stairs.
utter57.419,utter,ASHLEY,"Miles, help me with him please. (to Sean) Say ""goodnight Collin's perm."""
utter57.420,utter,SEAN,Goonite cowlin pern.
utter57.421,utter,MILES,"Night, bruh."
scene58,slugline,,EXT. MILES'S STREET - NIGHT - MOMENTS LATER
desc58.422,desc,,Collin is heading towards the truck. He catches his reflection in a car window. His hair needs to be fixed ASAP. Pulls out his phone and looks up Val's number. He hesitates for a moment. Should he call?
scene59,slugline,,INT. VAL'S PLACE - NIGHT - CONTINUOUS
desc59.423,desc,,"She's home, wearing sweats and a hoodie. We see takeout next to her homework. She's making FLASHCARDS. Her phone RINGS. It's Collin. She hesitates."
scene60,slugline,,EXT. MILES'S STREET - CONTINUOUS
desc60.424,desc,,Collin anxiously waits to see if she'll answer. Then-Hi.
desc60.425,desc,,We begin to INTERCUT between Collin and Val.
utter60.426,utter,COLLIN,"(beat) I... I had to take my hair out today for somethin', and now I need to get it braided back again before tomorrow. ...ok?"
utter60.427,utter,VAL COLLIN,And you're the only one who can do it under two hours.
utter60.428,utter,VAL,Why does it have to get done in two hours?
utter60.429,utter,COLLIN,Because... (sighs) ...the 11:00 PM thing
utter60.430,utter,VAL,Right. Why did you take your hair out?
utter60.431,utter,COLLIN,It was... profitable to do so. I'm not tryin' to make it an us thing. I just really need my hair braided.
desc60.432,desc,,This feels over the line to her. Val pauses for a while...
utter60.433,utter,VAL,"Let's do it at your mom's house then ok? I have to return a bowl anyway. And you have to help me memorize some stuff. This is my study time, and it needs to actually be study time. Okay?"
utter60.434,utter,COLLIN,"Yeah, I get it. Thank you."
scene61,slugline,,INT. COLLIN'S MOTHER'S HOUSE - NIGHT
desc61.435,desc,,"Collin's sitting on the floor with his back to Val, while she twists his hair back into braids. She's most of the way done already. Collin has her textbook and flashcards on his lap. She focuses on his hair as he reads FLASHCARDS:"
utter61.436,utter,COLLIN,"""The tendency to judge the strength of arguments based on the plausibility--"""
utter61.437,utter,VAL,(quietly to herself) Oh! Jawsin... is... (then answer) Belief Bias effect.
desc61.438,desc,,Collin shuffles to the next flashcard.
utter61.439,utter,COLLIN,"""The tendency to attribute one's own actions - """
utter61.440,utter,VAL,(quietly to herself) Oh - Blamegamin'... you blame the game... oh... (she answers) Actor observer bias.
utter61.441,utter,COLLIN,What are you sayin' before the answers?
utter61.442,utter,VAL,"Oh. Ha! You'll love this. This is for sure your fault. I made up slang words to like, help me remember."
utter61.443,utter,COLLIN,You out here innovatin'? She is still town!
utter61.444,utter,VAL,I'm very town! Who said I wasn't town?
desc61.445,desc,,Collin turns the page and there's a picture of a SILHOUETTE OF A VASE.
utter61.446,utter,COLLIN,What's this vase one?
utter61.447,utter,VAL,"Oh, you see a vase?"
utter61.448,utter,COLLIN,Why'd you say it like that?
desc61.449,desc,,Collin looks at the picture again.
utter61.450,utter,COLLIN (CONT'D),"Oh, I see it. It's two faces."
utter61.451,utter,VAL,"It is also that. I haven't made a word for that yet, but it's... unconscious inference? Yup!"
utter61.452,utter,COLLIN VAL,Read it to me?
utter61.453,utter,COLLIN,"""The formation of unconscious judgments. The results of which are so impervious to conscious control, so resistant to contradiction that the effect of them cannot be"
utter61.454,utter,VAL,Read under the image.
desc61.455,desc,,ANGLE ON: The page. We see Collin is now reading the caption beneath the image.
utter61.456,utter,COLLIN,"""Rubin's vase: The image is fundamentally ambiguous. People perceive a vase or faces, but not both at the same time."""
utter61.457,utter,VAL,So apparently you like vases.
utter61.458,utter,COLLIN,"How about... ""Facevasin?"""
utter61.459,utter,VAL,"Nah, it's gotta be something you'd actually SAY. It gotta still be like how slang is, enough to stick in my head."
desc61.460,desc,,Collin tries to change the subject.
utter61.461,utter,COLLIN,So... you know I'm a free bird tomorrow...
desc61.462,desc,,"Val hesitates for a moment, then politely responds."
utter61.463,utter,VAL,"Yeah, I know. I'm glad. Next one please. I have to learn these, ok?"
desc61.464,desc,,She points to the book. Collin sighs and starts again.
utter61.465,utter,COLLIN,The bias of hearing a--
scene62,slugline,,INT. COLLIN'S MOTHER'S HOUSE - NIGHT - LATER
desc62.466,desc,,Collin walks Val to the door. Val pulls her keys out of her purse and begins the process of a very awkward goodbye.
utter62.467,utter,VAL,I got a complaint today that one of
desc62.468,desc,,our trucks disrupted a dance class they said some black guy with dreads pushed someone.
utter62.469,utter,COLLIN,"That's bullshit, a guy put his"
desc62.470,desc,,hands on me and I-Val begins to shake her head.
utter62.471,utter,VAL,"It's all in your control, Collin. Take some responsibility for-COLLIN I didn't deny it I just said that someone ELSE put..."
desc62.472,desc,,Val shrugs and looks away. She doesn't want to have this conversation.
utter62.473,utter,VAL,I know you're trying. At least you don't wear that fucking grill anymore. (looking at Collin's hair) Now you just need to cut this hair
utter62.474,utter,off and COLLIN,Heyyyy...this is me though
utter62.475,utter,VAL,"""Not the haaiirrr."""
desc62.476,desc,,"It gets quiet. Collin, trying to help her out of the discomfort, puts out his arms for a hug. Val hesitates for a moment, then goes in for a two arm hug. Val closes her eyes. Collin re-adjusts, SQUEEZING tighter. She taps his back. Time for the hug to end. When they separate, Val's wiping a tear away from her eye."
utter62.477,utter,VAL (CONT'D),I...This is just why I don't wanna--
desc62.478,desc,,"Suddenly, Collin's Mom interrupts, YELLING from the kitchen:"
desc62.479,desc,,"COLLIN, IT'S 10:45 BABE, YOU NEED TO GO, NOW! SORRY TO INTERRUPT, BUT..."
utter62.480,utter,VAL,Yeah. (yells)
desc62.481,desc,,"THANK YOU, NANCY! GOODNIGHT!"
utter62.482,utter,COLLIN,Okay... Thanks again. Yeah.
desc62.483,desc,,There's a lot unsaid between these two.
scene63,slugline,,INT. EZ-LIFT MOVING TRUCK - NIGHT
desc63.484,desc,,Collin drives the truck by himself. He arrives at... ...the RED LIGHT. The scene of the crime. Collin stops the truck. Waiting for a green. He looks down. A SMALL SHRINE where the man was murdered. Some CHALK MESSAGES are written near it. A group of 30-SOMETHING TRANSPLANTS walk over it casually. The light turns GREEN. Collin drives away.
scene64,slugline,,INT. MILES'S APARTMENT - NIGHT - LATER
desc64.485,desc,,"Ashley and Miles are watching the news. Sean's on Ashley's lap as she drinks a bottle of GREEN JUICE and reads the pamphlet from Collin's mom. ANGLE ON: THE PAMPHLET. ""THE TALK."" It's got a picture of police on the front, and a young black teen. It's a guide for talking to your kids about what they should say and do if they run into the police. On the inside, is a picture of someone with their hands up, with a voice bubble that says ""Don't shoot!"" ""I'm unarmed!"" And other proclamations. Sean is sipping the Green juice, watching the TV."
utter64.486,utter,MILES,Please tell me you aren't feeding my son that now.
utter64.487,utter,ASHLEY,Lemon. Carrots. Ginger. Cucumber. Apple. Celery. Kale.
utter64.488,utter,MILES,"Two years ago ""kale"" didn't even exist. Now it's the goddamn savior of humanity."
desc64.489,desc,,"On the screen, we see the news report of the shooting Collin saw. They flash the official police photo of the cop and a mugshot of the victim."
utter64.490,utter,MILES (CONT'D),"Oh, the cop gets his work photo? Use bro's work photo!"
utter64.491,utter,ASHLEY,"I'm always baffled with how, on your diet, you have any energy at all, let alone enough to move things all day. At least with"
desc64.492,desc,,"Collin, he's running and eating"
utter64.493,utter,MILES,"He doesn't run, and he's just eating like that to prove something to Val cuz she drinks shit like that."
utter64.494,utter,ASHLEY,Why? SHE should be proving something to him!
utter64.495,utter,MILES,"Baby, that's why I love you! Exactly!"
desc64.496,desc,,"Miles gives her a quick kiss then looks back at the TV. ANGLE ON: THE TV. They're describing the slain man as a convicted FELON, with possession of a weapon and resisting arrest. Black. Male. 30-35. Big."
utter64.497,utter,MILES (CONT'D),"Woop. Wrong cocktail. No protests for you, my g."
desc64.498,desc,,"Ashley, staring away from the pamphlet for a moment at the TV, hugs Sean a bit closer."
scene65,slugline,,EXT. STREET NEAR COLLIN'S HALFWAY HOUSE - NIGHT
desc65.499,desc,,"Collin parks the moving truck a block from his halfway house. He hops out and walks to the door, mumbling raps to himself. Suddenly, a LOUD POP is heard down the street, which sounds just like a gun shot. He jumps and turns around - it was a car backfiring. He calms down and heads inside. He bumps right into-53"
scene66,slugline,,INT. COLLIN'S HALFWAY HOUSE - MOMENTS LATER
desc66.500,desc,,"JAMES, the halfway house manager, is at the door ready to greet him."
utter66.501,utter,JAMES,"Hello, Mr. Turner."
utter66.502,utter,COLLIN,Do you stand there all day? Isn't this something we could automate?
utter66.503,utter,JAMES,"You want a robot telling you to mop the bathroom? How bout just a robot that mops the bathroom, then we can"
desc66.504,desc,,both go to sleep.
utter66.505,utter,COLLIN,Solution oriented. I like it.
utter66.506,utter,JAMES,"Even better, how bout mothafuckas don't get arrested for dumb shit."
utter66.507,utter,COLLIN,"Ah, I see where you're going with this, but get there-JAMES Then I won't have to enforce seemingly arbitrary tasks to establish your ability to follow rules as a representation of laws."
utter66.508,utter,COLLIN,Arbitrary is the right word.
utter66.509,utter,JAMES,It's your last week. Don't make me write you up on your last week. It's not like it's just a warning. The judge will extend you here another year. And then your little map box sentence starts over.
utter66.510,utter,COLLIN,Convicted on dirty bathroom charges?
utter66.511,utter,JAMES,"Bathroom, mop, push the mop, wipe the mirror, check it off on the board. Hamster wheel. Last go round. Just do it."
utter66.512,utter,COLLIN,"This the dream, James? Hamster cop?"
utter66.513,utter,JAMES,"You are a convicted felon now, Mr. Turner. You are now that until proven otherwise. Prove otherwise at all times. ...Got it."
scene67,slugline,,INT. COLLIN'S HALFWAY HOUSE - COLLIN'S ROOM - NIGHT
desc67.514,desc,,"Collin has a MAP on his wall of Oakland with an outline of the area he has to stay in. He can't leave ALAMEDA COUNTY. He stares at it, then the clock. It's 11:05, past curfew. He stares at the map, traces the border with his eyes."
scene68,slugline,,INT. SURREAL COURTROOM - DAY DREAM SEQUENCE:
desc68.515,desc,,"Collin's in a courtroom, sitting at the defense table. THE SCORPION BOWL is in the witness booth on the counter. As the scene continues, things become more and more surreal. The JURY are all unknown men, around Collin's age. Black, in similar street attire. PATRICK'S PHOTOGRAPHS are hanging on every wall of the room. The JUDGE remains OFF-SCREEN for now. Collin's dream is in verse. Ambient music scores the scene."
utter68.516,utter,JUDGE (O.C.),"You have nearly completed your sentence, and have had no infractions on your penance. Do you have anything to say before we uncuff ya?"
desc68.517,desc,,"Miles, dressed like an attorney, walks in front of Collin into frame."
utter68.518,utter,MILES,Collin is a baaaaad mothafucka!
desc68.519,desc,,"Collin tries to yell, but he can't. He wants Miles to shut up. Collin has a gold bottom grill in his mouth. He tries to pull it out, but he can't. Miles begins to address the Jury. The Jury grunts and groans in reaction to Miles's appeal."
utter68.520,utter,MILES (CONT'D),Cadillac dippin/ pimpin/ plenty women/
utter68.521,utter,lean sippin/,smokin/ heavy on the marijuana
utter68.522,utter,tokin/,posted/ pushin a hard line out in
utter68.523,utter,Oakland /,City of dope / the boy is dope that's why the whole city know him!/ Ey!
scene69,slugline,,JURY
desc69.524,desc,,"Collin's grill is getting bigger and bigger. It's both on the top and bottom of his mouth now. He can't speak. Fruit hits the floor of the courtroom, and the desk, like it's falling from the ceiling. We see the eyes of the photographs looking at him."
utter69.525,utter,MILES,He took a little break! / got you thinkin he just changed a few ways but he played you jake! / Pride of Oakland usually cool and collected / but that aint the mothafucka to be punk when disrespected /
desc69.526,desc,,diss his set and catch the wreckage
scene70,slugline,,JURY
desc70.527,desc,,"Collin's grill is too heavy, it pulls him down to the desk. When his face slams into the desk, he realizes there is a chain attached to the desk that leads up to his grill. Pulls his head back to tug at it. Everyone in the jury booth sips from a Scorpion Bowl. The photographs are the backs of heads now, no eye contact."
utter70.528,utter,MILES,"this the life we livin / and-it-been since the beginnin / and we gotta-be stuck in the soil, loyal, and-we don't do revisions / and we dont give passes to pussy"
utter70.529,utter,footin,(to Collin) don't be who you isn't! / (to Jury) cuz he aint no citizen-model-tofollow-just falsifyin how he flossin til tomorrow We see that the Judge is the COP that shot the man a day ago.
desc70.530,desc,,"The Cop/Judge grabs his gavel, which is now a gun. He holds it by the barrel, high above his head. Collin pulls his mouth off the chain. When it breaks, gold teeth pour out of his mouth onto the desk and bounce onto the floor. He gasps for air and yells at the Cop/Judge."
utter70.531,utter,COLLIN,"STOP, STOP, STOP, STOP, STOP, STOP!"
desc70.532,desc,,"We hear the audio from the shooting again. The Cop/Judge drops the gavel, with the sound of a GUNSHOT. Collin's eyes shoot open. His alarm clock is going."
scene71,slugline,,SUPER: ONE DAY LEFT OF PROBATION
desc71.533,desc,,"Under the title card, we hear the final sounds from the shooting. Running. ""STOP!"" And a GUNSHOT..."
scene72,slugline,,INT. COLLIN'S HALFWAY HOUSE - COLLIN'S ROOM - MORNING
desc72.534,desc,,Collin jolts awake! We are close on his eyes as they burst open. The ALARM sound segues into Collin's running music...
scene73,slugline,,EXT. OAKLAND STREET - DAY
desc73.535,desc,,"Collin's running again, listening to music. He passes the Kona Club..."
scene74,slugline,,EXT. THE MOUNTAINVIEW CEMETERY - DAY
desc74.536,desc,,"Collin runs straight through the graveyard. He's focused, not looking around, not dealing with death... Something catches his eye... ...the man who was shot to death by the Cop. The man is bloody and stands on top of a grave. He stares at Collin. Collin stares back, confused and frozen. The man takes a deep breath, and he looks like he's about to scream, but-Two women joggers cross in front of Collin, knocking him out of his gaze and forcing him to move back. Collin looks back up, and the man is gone. He looks around, confused. Then goes back to running."
scene75,slugline,,EXT. RIVER NILE MARKET AND LIQUOR - DAY
desc75.537,desc,,"Collin and Miles walk towards the store. Collin stops once he notices a giant poster on the side of the store. A few other guys are out front, and they dap Collin and Miles. Collin stops to look at a POLICE RECRUITMENT poster. Miles keeps walking into the store. After a moment, Miles walks back outside, realizing he lost Collin. Miles reads the poster too. In bold letters it says: ""It's YOU we want!"" A black kid is next to the giant text on the poster, wearing a shirt that reads: ""Ready to show courage"""
desc75.538,desc,,"""It's YOU!"""
utter75.539,utter,COLLIN,Why did they pick THAT shirt?
desc75.540,desc,,Miles and Collin walk into the store.
scene76,slugline,,INT. RIVER NILE MARKET AND LIQUOR - DAY
utter76.541,utter,MILES,"Ash says OPD is payin 80k STARTING SALARY for new cops. Fucked up part is they don't hire people FROM Oakland. So the cat who pulls you over actually lives in, like, Cupertino."
utter76.542,utter,COLLIN,Why not just live in Oakland?
utter76.543,utter,MILES,"Uh, probably because they're scared if someone knew where they lived, they'd come shoot them. (to Clerk) Lemme get my square, OG"
desc76.544,desc,,Collin grabs a Green Juice from the shelf. Miles watches him reach for it and sighs loudly.
utter76.545,utter,COLLIN,"Can I better myself, nigga? Can I show courage?"
desc76.546,desc,,Collin begins to chug some of the juice.
utter76.547,utter,MILES,"You're gonna wake up one day listening to vinyl, with a wooden"
desc76.548,desc,,"tie, suspenders, and a gluten allergy. Counting calories and riding a Vespa! To the Whole Foods!"
utter76.549,utter,CLERK,"Hey, you pay first!"
desc76.550,desc,,Collin lands six dollars on the counter.
utter76.551,utter,COLLIN,They actually. Have great. Produce.
desc76.552,desc,,"Miles shakes his head, pulls his square from behind his ear and lights his cigarette inside the liquor store, angrily."
scene77,slugline,,INT. EZ-LIFT OFFICE - MORNING
desc77.553,desc,,Collin and Miles enter. They approach Val.
desc77.554,desc,,Happy sunrise.
utter77.555,utter,MILES,"Val, indeed the sunrise IS a blessing on this day. My soul is as"
desc77.556,desc,,moved by that as you are moved by an elliptical.
utter77.557,utter,VAL,(to Collin) Does he think of these on the way here?
desc77.558,desc,,Miles b-lines for the locker room. Val and Collin have a moment and try to keep it light.
utter77.559,utter,VAL (CONT'D),"Hi. Oh, those braids look good. Who did those?"
utter77.560,utter,COLLIN,"Oh, these? Yeah it just kinda does this when I wash it now. Must be all this green juice I'm drinking."
desc77.561,desc,,Collin takes a sip of his juice in front of Val.
utter77.562,utter,VAL,"Mmmmhmm. I know you hate it, but it's so good for you."
utter77.563,utter,COLLIN,"I don't hate it, I don't even notice it. It's just part of who I am now."
desc77.564,desc,,Val hands him his clipboard.
scene78,slugline,,INT. EZ-LIFT LOCKER ROOM - DAY
desc78.565,desc,,"The boys are all pulling their jumpers over their clothes, switching shirts, etc. Miles, Collin, Tel, and a few others are all in there changing. Yorkie walks in wearing a San Francisco 49ers jacket. When Collin and Miles see it, they jump all over him."
utter78.566,utter,COLLIN,"Oh, absolutely not. Take that off!"
utter78.567,utter,YORKIE,Take what off?
utter78.568,utter,MILES,Get that. Niner jacket. Out.
utter78.569,utter,YORKIE,It's the bay.
desc78.570,desc,,LITERALLY THE WHOLE LOCKER ROOM
utter78.571,utter,MILES,"This the town! Raider nation only, take it off!"
utter78.572,utter,YORKIE,"The Raiders ain't even from here, they from LA."
utter78.573,utter,COLLIN,"Wrong! They were here, they WENT to LA, they came back."
utter78.574,utter,YORKIE,The 49ers never left!
utter78.575,utter,MILES,"The Niners are non-negotiable Yorkie, that jacket has to GO."
utter78.576,utter,YORKIE,Tel likes the Niners!
desc78.577,desc,,They all spin around to look at Tel in anger.
utter78.578,utter,MILES,"Don't spread your disloyal bullshit, Tel!"
utter78.579,utter,TEL,The Raiders are moving to Vegas! Awwww!
desc78.580,desc,,WHOLE LOCKER ROOM
utter78.581,utter,YORKIE,(to Miles) You couldn't tell me ONE player on the Raiders.
utter78.582,utter,MILES,"That's not the point, Yorkie."
utter78.583,utter,YORKIE,So what if I wanna wear a Knicks jersey?
utter78.584,utter,COLLIN,"Wear your Knicks jersey all you want, that's your turf. That's your business. But if you wear a Lakers jersey in here..."
utter78.585,utter,MILES,We'll kill you!
utter78.586,utter,YORKIE,Why yal gettin mad hot right now!
utter78.587,utter,COLLIN,What's that mean?
utter78.588,utter,MILES,Are you sayin we're out of pocket?
utter78.589,utter,YORKIE,What does that mean??
utter78.590,utter,TEL,"It's like, bein' hella extra."
utter78.591,utter,MILES,"Shut the fuck up Tel, you've done enough! (to Yorkie) It's like being hella extra!"
utter78.592,utter,YORKIE,Y'all can't use slang to explain slang. I'm trying to get it.
utter78.593,utter,MILES,"OK, so, out of control. To, like, not have a handle on things, to be out of hand. To have your hands out means they're are out of pocket, you're ""outta pocket""."
utter78.594,utter,COLLIN,"No. ""Outta pocket"" is from pool, when the ball hits the pocket too hard, and pops back out. You tryin' to make moves but you're ""outta pocket."""
utter78.595,utter,YORKIE,Well which one is it? MINE.
scene79,slugline,,EXT. OAKLAND CRACK HOUSE - DAY
desc79.596,desc,,Miles and Collin walk all the way up to a rundown duplex in
scene80,slugline,,"East Oakland. ANGELA, the Real Estate Agent (35, Asian) who"
desc80.597,desc,,oversees the building is waiting in front of the place. She is on her phone.
utter80.598,utter,ANGELA,"Going to clear it out, gut it, get it down to just its bones, rip everything old out, then rebuild it with great, new, you know, modern everything. Cuz it's such a great shell, you know?"
desc80.599,desc,,"The boys step up, Collin took everything she said in."
utter80.600,utter,COLLIN,...We're with EZ Lift.
utter80.601,utter,ANGELA,Hey - Just pull out EVERYTHING and take it down to the dump. (MORE)
utter80.602,utter,ANGELA (CONT'D),"All the junk and then apparently a couch and trash upstairs. It can all just go. OK, thanks so much, byeeee."
desc80.603,desc,,She walks away from them and resumes a phone conversation.
scene81,slugline,,EXT. EAST OAKLAND DUPLEX - DAY
desc81.604,desc,,Miles and Collin are almost finished loading dusty furniture into the back of the EZ-lift moving truck. They lip-sing along to a Bay Area favorite as they clean - Player's Ball by Too Short & e40. They do impressions of each of the parts as they pick things up and throw them out.
scene82,slugline,,INT. EAST OAKLAND DUPLEX - DAY
desc82.605,desc,,"Miles wanders around the empty house, smoking his weed. It's hot as hell. They are walking through and checking empty rooms, making sure they got everything. Walls are decaying. Dust everywhere."
scene83,slugline,,INT. EAST OAKLAND DUPLEX - UPSTAIRS HALLWAY - MOMENTS LATER66
desc83.606,desc,,"They walk up the stairs, to the door at the end of the hall. It is closed. Miles looks at the clipboard."
utter83.607,utter,MILES,Couch in upstairs bedroom...
desc83.608,desc,,Miles opens the door and immediately closes it again. Nope.
scene84,slugline,,MILES (CONT'D)
desc84.609,desc,,Collin opens the door and looks in.
scene85,slugline,,INT. EAST OAKLAND DUPLEX - ATTIC - CONTINUOUS
desc85.610,desc,,"There are SIX DRUG ADDICTS, fully high on heroin. Needles all over the floor. In the corner is a couch, with one drug addict lying across it."
scene86,slugline,,INT. EAST OAKLAND DUPLEX - UPSTAIRS HALLWAY - CONTINUOUS
desc86.611,desc,,Collin quietly shuts the door again.
utter86.612,utter,MILES,I don't do zombies. They are heroin addicts.
utter86.613,utter,MILES,Feel like you're really splitting hairs here-COLLIN We're gonna just go in there...
utter86.614,utter,MILES,I really really really don't want to. Like I really-COLLIN
desc86.615,desc,,--gonna grab the couch real quiet-MILES
utter86.616,utter,--please please Collin please like,we could just-COLLIN
desc86.617,desc,,--AND YOU ARE GONNA TUCK IT AND DO IS GET A WRITE UP TWO DAYS SHY OF... NIGGA! Miles jumps at Collin to cover his mouth and lower his voice.
utter86.618,utter,MILES,ALRIGHT. Alright. (long exhale) Okay. Let's just get the couch.
desc86.619,desc,,Quickly.
scene87,slugline,,INT. EAST OAKLAND DUPLEX - ATTIC - MOMENTS LATER
desc87.620,desc,,"This is a heist scene. Super quiet. Stealthy. Dangerous. Miles and Collin CREEP through the door. The room is dimly lit and in decay. The blinds are closed and it is silent. Completely bare except for the people, some needles, a few random belongings, and a COUCH under the window. SIX PEOPLE are passed out sitting up against the walls, on top of blankets, etc. Mostly black folks, a couple white. One addict is laying on the couch itself. This is COUCH MAN. Collin and Miles slowly creep around the passed-out addicts, trying to be as quiet as possible. They reach the couch, and each take a side. They have a brief silent conversation with hand movements. Lots of exaggerated MIMING. Collin communicates that they will grab Couch Man by the ankles and lower him to the floor. They lift Couch Man up. He's nearly lifeless. His head rolls back, and he moans a little. Miles looks at Collin. They whisper to each other."
desc87.621,desc,,This ISN'T zombie shit to you?
utter87.622,utter,COLLIN,Do not drop this man.
desc87.623,desc,,"They slowly lower Couch Man to the floor. They slide over, grab the bottom of each side of the couch, and LIFT... ...they realize it's crazy heavy."
utter87.624,utter,COLLIN (CONT'D),"As if this person's life couldn't get any lower, he bout to wake up"
desc87.625,desc,,wondering where the fuck the couch
scene88,slugline,,MILES
desc88.626,desc,,"Sh sh sh sh please just go. Please. Collin swings his side out and starts to head towards the door. Couch Man is now directly under the couch, between Collin and Miles. As they walk, Miles has to step over the guy, and he takes it extra slow. They're still trying to make as little noise as possible. Once they get the couch past the man-MILES (CONT'D) Honestly, I can't believe he didn't hear none of that. As Miles finishes his sentence, he looks back down and notices the man is NO LONGER ON THE FLOOR-Ey."
scene89,slugline,,COUCH MAN (O.S.)
desc89.627,desc,,"Miles shoots up in pure horror. Couch Man is right over his shoulder. MILES KKKKEEEEEEEEEEEEEEE-- Collin looks totally in shock. Miles swings all the way out, spinning the couch around so Collin is face to face with Couch Man and Miles is on the other side."
utter89.628,utter,COLLIN,"My man, we gotta take this couch out of here!"
utter89.629,utter,COUCH MAN,You can't take my trumpet!
desc89.630,desc,,"Couch Man climbs onto the couch as they struggle to hold it in the air! Couch Man slides his hands into the cushions of the couch, moving stuff around."
utter89.631,utter,MILES,Trumpet... gotta be... slang for somethin'.
utter89.632,utter,COLLIN,Just let him... look for whatever
desc89.633,desc,,it is that he-The man pulls out a SLIGHTLY DIRTY TRUMPET from under one of the cushions. He awkwardly slides off the couch.
utter89.634,utter,MILES,"Oh no bullshit, he really got a trumpet."
utter89.635,utter,COUCH MAN,I played this. Forever. I got this.
desc89.636,desc,,"uh, Sly and the Family Stone."
utter89.637,utter,COLLIN,"My moms loves them, they hit. Thank you."
scene90,slugline,,COUCH MAN
desc90.638,desc,,"Collin and Miles look at each other, unsure how to process that response."
utter90.639,utter,COUCH MAN (CONT'D),You know Sweet Jimmy's?
utter90.640,utter,COLLIN,"Yeah, the club that used to be where the Parish is."
utter90.641,utter,COUCH MAN,"Jimmy took care of everybody. I didn't have nothin to play, shit I could play, but had nothin to play so he got me this. I just get on and the red and blue and green and yellow lights be on and... (making trumpet sounds with his mouth)"
scene91,slugline,,"""BRAPP BRAPP BRAPPP."""
desc91.642,desc,,He inflates his cheeks and simulates playing. Despite holding a trumpet. He stares at them both with big eyes. It goes on for a while.
utter91.643,utter,MILES,You played at Jimmy's?
utter91.644,utter,COUCH MAN,Mmhmm. Til fools kept messin' it all up. All up. Killin' and fightin'. Niggas Can't have nothin'.
desc91.645,desc,,He locks in on Miles for a moment.
utter91.646,utter,COUCH MAN (CONT'D),"Ey young blood, I sell it to you for twenty dollars."
utter91.647,utter,COLLIN,"Nah, OG. You need to keep that."
utter91.648,utter,COUCH MAN,"Aha shiet, I need to keep that? Sho do, but need to keep twenty dollars too."
utter91.649,utter,MILES,"I'll give you dub for that, OG."
utter91.650,utter,COLLIN,"My man, ey my man don't sell your horn."
utter91.651,utter,COUCH MAN,"Ey, don't come between me and my shit!"
utter91.652,utter,MILES,"SOLD my dude, for dub, throw that back on the couch."
desc91.653,desc,,"Miles pulls a twenty-dollar bill out of his pocket while balancing his side of the couch on his knee. He hands it to the man, who takes it and looks at it, before slightly celebrating in a SMALL EXCITED DANCE. The man glances at the trumpet again. Kisses his hands and taps the trumpet. He taps it a few times like he is going to miss it. Collin is clearly disappointed in Miles. Behind them, ANOTHER ADDICT has woken up."
utter91.654,utter,ANOTHER ADDICT,How much you give me for a boat?
desc91.655,desc,,Miles jumps a bit. They pause to react. Miles finally answered.
utter91.656,utter,MILES,What kinda boat we talkin'?
scene92,slugline,,EXT. OAKLAND MAIN STREET - DAY
desc92.657,desc,,"Collin and Miles are sitting in a small sailboat, which is hooked to the back of the EZ-Lift Moving Truck. The sailboat has a note written on butcher paper reading ""$300."" Miles lights a cigarette. Miles is SHOULDER-DANCING, trying to attract customers. MILES"
utter92.658,utter,"""ARTISAN SAILBOAT, PLATINUM","SEAWORTHY!"" (to Collin) It's not like he was just gonna pick up his jazz career tomorrow now that he's out of heroin!"
utter92.659,utter,COLLIN,"He kept it this long, you dangled money in front of him. That's low level shit. Let him have the damn trumpet!"
desc92.660,desc,,"A BALDING WHITE GUY parks his car next to them, gets out and goes to the meter. He looks at Collin and Miles suspiciously."
utter92.661,utter,COLLIN (CONT'D),You just... funded his downfall. That's a new low for you.
utter92.662,utter,MILES,He is waking up in a traphouse with five heroin addicts while two mothafuckas lift his unconscious body off a couch he wasn't even sharing. The fall has already happened!
utter92.663,utter,COLLIN,You didn't help.
desc92.664,desc,,"""SAIL BOAT! Get your port starboard"
utter92.665,utter,COLLIN,You are never gonna sell this boat. Or that trumpet.
utter92.666,utter,MILES,Fine! You wanna give me this much shit? YOU get it back to him.
desc92.667,desc,,Miles hands Collin the trumpet. Collin looks at the trumpet. Balding White Guy hits his car alarm button over and over again as he walks away. 5 or 6 times. Just to be sure.
utter92.668,utter,MILES (CONT'D),(to the Balding White Guy)
desc92.669,desc,,HEY! WE GET IT! IT'S GOT AN ALARM!
utter92.670,utter,COLLIN,I had... Val came by Mom's house and did it.
desc92.671,desc,,"Miles throws his hands up in the air, and shakes his head. Then crosses his arms."
utter92.672,utter,COLLIN,"Ok, air out Nigga. What's your real problem with Val?"
utter92.673,utter,MILES,"Val is a disloyal bitch. When you were locked up, did she put money on your books? Did she come to Rita even one time? (MORE)"
utter92.674,utter,MILES (CONT'D),"I came twice a week, 45 minutes each way, put 500 on your books. Ask me why?"
utter92.675,utter,COLLIN,She talked to me on the phone.
utter92.676,utter,MILES,"She didn't come see you once in two months. How gracious of her to call. And what'd she talk about? Changin' your life around? Like...you're not a...drug dealer, thug, nothin. You went to jail on a ...fire technicality! Did I?"
utter92.677,utter,COLLIN MILES,YES! Who knew hipsters were so flammable. What were we supposed to do different?
utter92.678,utter,COLLIN,"""WE"" maybe shouldn't-LOCAL GUY (O.S.) Ey, cuttie. What the boat do? No. Way."
desc92.679,desc,,"They look up to see LOCAL GUY leaning out of an SUV, talking to them. We're about to get a deep dive into Bay Area Lingo."
utter92.680,utter,MILES,"Shit, I got the joog! for Sail, fishin', floatin', fuckin', get you a flight to Boston in a private function. Perfect for gettin' into somethin', oh boy."
utter92.681,utter,LOCAL GUY,Is it hot or cold?
utter92.682,utter,MILES,Warm to the touch. No burn tho.
utter92.683,utter,LOCAL GUY,What's the intel on the Vin Diesel?
utter92.684,utter,MILES,No fingerprints.
utter92.685,utter,LOCAL GUY,Dusty trail?
utter92.686,utter,MILES,Very. It's gouda.
utter92.687,utter,LOCAL GUY,"Cuz I can't be slippin round the way way with somethin' outta pocket, ya underdig? Get blurped and have to peel out cuz I got a few hammers tucked. Niggaz got laundry."
utter92.688,utter,MILES,"On mamaz, it was in the cut."
utter92.689,utter,LOCAL GUY,A bill though? What's the part 2?
utter92.690,utter,MILES,Not a thang. Pockets is touchin so we tryin' to get it off and do it movin'.
utter92.691,utter,LOCAL GUY,Mmm. I might need to let that marinate.
utter92.692,utter,MILES,"Look, if you bout that life, it's a come up. That bill ain't but a small thang to a giant! I say let's make moves, throw me three hundo, I'll clip the woo wop to the rear view and less is more, ya dig? Fast."
scene93,slugline,,LOCAL GUY
desc93.693,desc,,The man hands him $300 in twenty-dollar bills. Miles walks back to Collin.
utter93.694,utter,COLLIN,What'd he say?
utter93.695,utter,MILES,I'm not sure but he gave me 300 bucks so... success.
utter93.696,utter,COLLIN,Ha! Mouthpiece for days.
utter93.697,utter,MILES,"It's the bounce of it man, people like it. Folks wanna listen more when you make it sound pretty."
utter93.698,utter,COLLIN,Aiight. I'm bout to head back to the office and punch us both out.
utter93.699,utter,MILES,"She didn't come see you ONCE while you did two months in Rita, bruh."
utter93.700,utter,COLLIN,"Yeah I know, I was there."
scene94,slugline,,INT. EZ-LIFT OFFICE - DAY
desc94.701,desc,,"Val is closing up shop. Collin enters as two customers, RIN and TIN, are walking out. Rin does a DOUBLE TAKE at the sight of Collin."
utter94.702,utter,RIN,"Yo, did you used to work the door at Kona Club?!"
desc94.703,desc,,Collin's worried about where these questions are heading...
utter94.704,utter,COLLIN,"Uh, yeah, a minute ago."
desc94.705,desc,,Rin loses his mind and turns to his friend.
utter94.706,utter,RIN,"Bro, this is the Scorpion Bowl dude I told you bout!"
desc94.707,desc,,Collin's reaction says only one thing: Uh oh. Not this story.
utter94.708,utter,TIN,What dude--?
utter94.709,utter,RIN,"Bro, I never told you about the Scorpion Bowl shit at Kona? This dude is a LEGEND! Collin does not want this story rehashed."
utter94.710,utter,COLLIN,We don't have to...
utter94.711,utter,RIN,"Okay, so I'm in Kona Club on"
scene95,slugline,,Piedmont Ave...
desc95.712,desc,,It's time to see why Miles calls him the Scorpion King.
scene96,slugline,,INT. KONA CLUB - NIGHT HEIGHTENED FLASHBACK:
desc96.713,desc,,"This sequence is not reality. We're seeing a ridiculous dramatized version of Rin's story. We see the actors delivering the dialogue, but we hear Rin's voice instead. Exaggerated impressions and all. Rin's in the Kona Club on one end of the bar. Rin describes the environment exactly as we see it:"
scene97,slugline,,"Tiki bar type place, lots of bare"
desc97.714,desc,,PREPPY WHITE GUY orders a drink at the other end of the bar.
utter97.715,utter,RIN (V.O (CONT'D),This white boy orders this thing they got called the Scorpion Bowl.
desc97.716,desc,,"ANGLE ON: The SCORPION BOWL. It's insane, the size of a small goldfish bowl. The craziest drink you've ever seen at a bar. An OPEN FLAME burns in the middle of the drink. Preppy White Guy's eyes go WIDE. He's in awe."
utter97.717,utter,RIN (V.O.),"So homeboy is a transplant for sure. Flannel button up, ski slope"
desc97.718,desc,,"haircut, shirt tucked in. Picks up the scorpion bowl, his mind is"
scene98,slugline,,INT. EZ-LIFT OFFICE - DAY
desc98.719,desc,,Collin shakes his head. Val is leaning in to hear the details. Dreading where the story is heading.
utter98.720,utter,COLLIN,It's not worth--
desc98.721,desc,,We begin to INTERCUT with Rin telling the story at EZ-Lift:
scene99,slugline,,EXT. KONA CLUB - NIGHT
utter99.722,utter,RIN (V.O.),"Now out front is this nigga minding his own business, workin the door checkin' ID's and shit."
desc99.723,desc,,We PULL BACK to REVEAL... The guy working the door is Collin. Miles is next to him on a stool. They both have bottom grills in.
utter99.724,utter,RIN (V.O.),"There's a white boy on the stool next to him, couple people on the sidewalk. I was on my way out for a smoke so I'm right behind the uber-bro. He busts through the"
scene100,slugline,,"front door, flame drink in hand,"
desc100.725,desc,,"blows right past bruh and yells-Preppy White Guy emerges with the drink, super amped, trying to get to his friends on line outside. Rin walks out separately to have a smoke, off to the side."
scene101,slugline,,PREPPY WHITE GUY (V.O.)
desc101.726,desc,,"DRINK, ISN'T IT INSANE?! Back in the EZ-Lift Office, Rin points at Collin."
desc101.727,desc,,And he runs up like... Collin steps up to Preppy White Guy holding the drink.
utter101.728,utter,COLLIN (V.O.),"(Rin's voice) Ey, you can't bring alcohol out here you gotta go back inside."
utter101.729,utter,RIN (V.O.),"But dude throws over his shoulder-PREPPY WHITE GUY (V.O.) (Rin's voice) Chill out, bro!"
utter101.730,utter,RIN (V.O.),So homie steps out and says--
utter101.731,utter,COLLIN (V.O.),"(Rin's voice) I'm not playin'. Take the drink back inside, your friends can see it in there."
utter101.732,utter,RIN (V.O.),"And dude goes-PREPPY WHITE GUY (V.O.) (Rin's voice) I'm just out here for two seconds, chill! If you get fired, I'll get you another job, dog."
desc101.733,desc,,Preppy White Guy LAUGHS. (But it's Rin's LAUGH.)
utter101.734,utter,TIN (V.O.) RIN (V.O.),Right?! So doorman says-COLLIN (V.O.) (Rin's voice) Never mind. You're done. Give me the goblet thing. You can't come back inside. PREPPY WHITE GUY (V.O.) (Rin's voice) What are you fuckin dumb?! I already paid!
desc101.735,desc,,Preppy White Guy turns to go back into the bar.
utter101.736,utter,RIN (V.O.),"--and dude tries to book it back into the bar on some ""I go where I please"" shit."
desc101.737,desc,,Collin stops him from entering.
utter101.738,utter,RIN (V.O.),Bro here stops dude right as he
desc101.739,desc,,"gets to the door, and dude slaps his arm away. Preppy White Guy slaps Collin's arm away."
utter101.740,utter,RIN (V.O.),Now homeboy on the stool starts yellin'--
desc101.741,desc,,Miles jumps up from the stool and begins YELLING:
utter101.742,utter,MILES (V.O.),"(Rin's voice) EY BRUH, YOU BETTER ACT LIKE KNOW WHERE YOU ARE."
desc101.743,desc,,Preppy White Guy tries to enter the bar for a second time!
desc101.744,desc,,Then dude tries to go back inside
desc101.745,desc,,Collin stops him again.
utter101.746,utter,RIN (V.O.),"Bro stops him again by the arm, but"
desc101.747,desc,,this time dude yells-PREPPY WHITE GUY (V.O.)
desc101.748,desc,,Preppy White Guy yanks his arm and KICKS Collin in the leg!
utter101.749,utter,RIN (V.O.),Then this shit went BAD.
desc101.750,desc,,We see the fight in SLOW-MOTION exactly as Rin describes it. In case you didn't realize it already... We are now discovering the origin of the abstract SLOW-MOTION FOOTAGE from the opening of the film!
utter101.751,utter,RIN (V.O.),"Now, remember dude is carrying a giant alcoholic Scorpion Drink that has a flame in the middle, the drink spills and goes fuckin EVERYWHERE. And it's all on fire..."
desc101.752,desc,,"Just as Rin describes, in operatic SLOW-MOTION. Flames are everywhere, the guy is on fire, part of Collin is on fire, the alcohol on the ground is on fire."
utter101.753,utter,RIN (V.O.),They fall out on the sidewalk - And this man SNAPS.
utter101.754,utter,COLLIN (V.O.),(with Rin's voice) AW YOU FUCKIN' DRUNK FUCKBOY!
desc101.755,desc,,This has now become a scene. People everywhere.
utter101.756,utter,RIN (V.O.),...these two are on fucking FIRE.
desc101.757,desc,,And Fuckboy won't let go of his arm
desc101.758,desc,,and hits the drunk fuckboy with it
desc101.759,desc,,COLLIN HITS THE GUY WITH THE BOWL!
utter101.760,utter,RIN (V.O.),...the bowl shatters and there's flaming FRUIT everywhere. There's like chunks of pineapple and watermelon hitting people and cars.
desc101.761,desc,,"The fire is huge, and there's blood all over. He keeps hitting him and"
scene102,slugline,,INT. EZ-LIFT OFFICE - NIGHT
desc102.762,desc,,Collin stares blankly at Rin and Tin. Tin looks at Rin and then back at Collin in shock.
utter102.763,utter,TIN,THAT REALLY HAPPENED??!
desc102.764,desc,,Val looks hurt and sad.
utter102.765,utter,VAL,Yeah. It did.
scene103,slugline,,EXT. KONA CLUB - NIGHT
desc103.766,desc,,"The re-creation continues: We see the fight from further back, and reveal VAL watching them stomp the kid on the sidewalk. She was inside the bar, and came out to see what the commotion was. She is horrified."
scene104,slugline,,INT. EZ-LIFT OFFICE - NIGHT
utter104.767,utter,VAL,"If you stuck around a little longer, you would have seen his"
desc104.768,desc,,white boy on the stool run over and they both stomp this drunk burnt
desc104.769,desc,,"unconscious, yelling ""Welcome to"
scene105,slugline,,"Oakland!"""
desc105.770,desc,,Rin and Tin realize this is their time to leave.
utter105.771,utter,RIN,"I seen dude the other day. His face is all weird shaped still. (beat) Well, we gotta go."
utter105.772,utter,COLLIN,This was fun.
desc105.773,desc,,They leave. Collin turns back to Val at the counter.
desc105.774,desc,,"""His. Face. Is. All. Weird. Shaped."""
utter105.775,utter,COLLIN,It was already like that.
utter105.776,utter,VAL,You are 'bout to get a restart. You've got to get away from Miles.
utter105.777,utter,COLLIN,Don't. Okay? He's my best friend.
utter105.778,utter,VAL,"Is he though? I get that you grew up together, but he's gonna get you fuckin' killed."
utter105.779,utter,COLLIN,"Miles has had my back since we were like 11, and when I went to jail HE came and visited me all the time-VAL Yeah, out of guilt, for pushing you into a fight and then not going to jail with you! What if that guy had had a gun? Or if Miles's dumbass had had a gun?"
utter105.780,utter,VAL (CONT'D),Or if the cops had shown up while you were stomping that white boy? You think they'd have shot Miles?
desc105.781,desc,,Collin's had enough. She took it too far.
utter105.782,utter,COLLIN,"Good night, Val."
utter105.783,utter,VAL,"Collin, I'm trying to-COLLIN Yeah, I get it."
desc105.784,desc,,Collin walks out the door.
scene106,slugline,,INT. MILES'S APARTMENT - KITCHEN - NIGHT
desc106.785,desc,,"Ashley is finishing up cooking. The table is set, and she is stirring, sizzling, baking. Miles is in there counting out his money."
scene107,slugline,,INT. MILES'S APARTMENT - SEAN'S ROOM - NIGHT
desc107.786,desc,,"Collin and Sean are playing with a TRAIN SET, pushing trains along the track, when Collin looks up at... SEAN'S BED FRAME Collin pauses. Looking intently at the frame... Sean PUNCHES Collin to get his attention."
utter107.787,utter,COLLIN,"I built these bed pieces. Well, not these ones, but like this."
utter107.788,utter,SEAN,You don't make beds!
utter107.789,utter,COLLIN,"I don't, but I did for a little while. It was like a temp job..."
utter107.790,utter,SEAN,Where do you make beds?
utter107.791,utter,COLLIN,In... jail.
utter107.792,utter,SEAN,Why were you in jail?
utter107.793,utter,COLLIN,Ummm... For being a tough guy.
utter107.794,utter,SEAN,I made this train in class.
desc107.795,desc,,Collin LAUGHS. Moment is broken. Food time!
scene108,slugline,,ASHLEY (O.S.) INT. MILES'S APARTMENT - KITCHEN - NIGHT
desc108.796,desc,,"Dirty dishes are all that's left of dinner. Miles has some hamburger left on his plate. Collin and Sean are on the couch eating carrots together, watching TV. Miles is rolling a joint. He watches Sean eat carrots."
desc108.797,desc,,"Sean, try this hamburger."
utter108.798,utter,ASHLEY,He likes his carrots!
desc108.799,desc,,He doesn't know his options!
utter108.800,utter,ASHLEY,Baby do you want carrots or hamburger?
desc108.801,desc,,Miles and Collin each hold out some food for Sean.
utter108.802,utter,Hamburger!,Carrots! Hamburger! Carrots!
utter108.803,utter,MILES COLLIN,MILES
desc108.804,desc,,Sean goes for the napkin and puts it in his mouth. Napkin. MILES & ASHLEY
utter108.805,utter,ASHLEY,"Oy. Collin, tonight's the last night! No more piss testing!"
utter108.806,utter,ASHLEY (CONT'D),No more curfew! Are you going to smoke with your friend here?
utter108.807,utter,COLLIN,I actually think I'm cool off the weed now.
desc108.808,desc,,"Miles looks up in shock, and throws down the joint he was rolling."
utter108.809,utter,MILES,"It's like... I see that it's him, and I hear that it's him, but then he says these things."
utter108.810,utter,ASHLEY,Oh we got you something today. (to Sean) Can you go get the shirt for daddy?
desc108.811,desc,,Sean runs out of the room.
utter108.812,utter,ASHLEY (CONT'D),"Sean pointed at this and I was like ""yup, you are your Daddy's son,"
desc108.813,desc,,"Sean comes back and gives a rolled up shirt to Miles. Miles unrolls it, then spins it around to show everyone. In bold block letters it reads: KILL A HIPSTER SAVE YOUR HOOD Seeing it, Miles pretends to get choked up."
utter108.814,utter,MILES,That's my BOY!
desc108.815,desc,,"Miles gets up excited and runs to put it on. When he gets up, he shakes the dinner table and almost knocks everything over."
scene109,slugline,,INT. MILES'S APARTMENT - MILES'S BATHROOM - MOMENTS LATER 81
desc109.816,desc,,Miles finishes putting on his new shirt in the mirror.
utter109.817,utter,MILES,(yelling to other room) It feel kinda small though. Ain't it kinda too small?
desc109.818,desc,,Collin and Ashley walk in the bathroom door to inspect him. Miles tries to pull the shirt down more to make it bigger.
utter109.819,utter,ASHLEY,"Aw, baby. You look so good!"
utter109.820,utter,COLLIN,Yeah baby you look good.
desc109.821,desc,,"KNOW IT! Miles pushes past them both, and goes to the living room. They exit the bathroom, following Miles..."
scene110,slugline,,INT. MILES'S APARTMENT - LIVING ROOM - CONTINUOUS
desc110.822,desc,,...only to see Miles frozen. We hold on him for a moment. Then we go WIDE to see what he's looking at... Sean is holding Miles's gun. EVERYONE is frozen. Complete shock. Ashley finally manages to speak.
utter110.823,utter,ASHLEY,"Baby, p... put that down."
utter110.824,utter,MILES,"(authoritatively) Sean, put that down. Right now!"
desc110.825,desc,,Sean LAUGHS and turns it around... ...AND STARES DOWN THE BARREL.
desc110.826,desc,,"It's loaded. Nobody move. The three of them slowly make their way towards Sean. They try to circle him, and get closer without making any sudden movements. Sean glances at Collin, who is making his way around the couch. Ashley starts crying quietly."
utter110.827,utter,MILES,"Hey, Sean. Put that down..."
utter110.828,utter,ASHLEY,"Baby, I need you to put that down."
desc110.829,desc,,"Collin inches closer and closer, until he is right in front of Sean. Sean is staring down the barrel, and then looks up at Collin. They stare at each other for a moment. Then suddenly... ...Collin swipes the gun from him! Ashley runs over, grabs Sean, and starts CRYING. She is facing away from them both."
utter110.830,utter,ASHLEY (CONT'D),"Is that your gun, Collin?"
desc110.831,desc,,Collin and Miles meet eyes for a long moment... Collin looks away first.
desc110.832,desc,,"GET OUT, MILES! GET THE FUCK OUT!"
utter110.833,utter,MILES,"It was a fuckin accident, I..."
utter110.834,utter,ASHLEY,YOU BROUGHT A FUCKIN GUN IN THIS
desc110.835,desc,,"HOUSE! GET THE FUCK OUT, NOW! NOOOWW! Miles starts grabbing his money off of the table while she yells. He is moving slowly like HE is mad. He looks back at Ashley who is crying and furious, then walks out the door. Collin, filled with remorse and guilt, puts the gun in his back pocket and walks out the door behind Miles."
utter110.836,utter,COLLIN,I'm sorry we...
utter110.837,utter,ASHLEY,YOU LET HIM BUY A FUCKING GUN! GET OUT!
desc110.838,desc,,Collin walks out and shuts the door.
scene111,slugline,,EXT. MILES'S APARTMENT - NIGHT
desc111.839,desc,,"Miles takes a swig of his flask, POWER WALKING fast towards the corner. Collin is walking beside him, both are a bit irritated with each other. Collin hands Miles back his gun."
utter111.840,utter,COLLIN,Just get rid of it!
desc111.841,desc,,"Miles snatches back his gun, looks around, then stuffs it in his waistline."
utter111.842,utter,MILES,You couldn't just say it was yours for two seconds?
utter111.843,utter,COLLIN,"No, it's not my gun! I told you I didn't want nothin' to do with that thing."
utter111.844,utter,MILES,It doesn't make it yours. It just makes it NOT mine!
utter111.845,utter,COLLIN,I'm not gonna be the one who brought a gun around a three-yearold.
utter111.846,utter,MILES,Now I'm the dad who brought a gun around his kid?!
utter111.847,utter,COLLIN,"Well, ain't that what happened?"
utter111.848,utter,MILES,I know what happened!
desc111.849,desc,,"Miles and Collin both get texts from NAK. It's about the party. Their screens read, ""Yal gotta come to my work party tonight."""
utter111.850,utter,MILES (CONT'D) COLLIN,"Fuck it, what fuck it? Fuck what? We goin to that party."
utter111.851,utter,COLLIN,The hell we are.
utter111.852,utter,MILES,"We can't go back in there, what you wanna spend your first night with no curfew at the halfway house?"
utter111.853,utter,COLLIN,I am not goin to no fuckin party where no bullshit can happen.
utter111.854,utter,MILES,Bullshit happens out HERE. Nak's work party is squarest as square places get. It's techies and artisan beer. I'm calling an Uber.
desc111.855,desc,,Collin looks around for another option. Sees a cop car parked across the street at the Laundromat.
utter111.856,utter,COLLIN,"Fine, but I'm not bein' around no hot shit tonight."
utter111.857,utter,MILES,It's here already.
desc111.858,desc,,"Just as Miles finishes his sentence, Dez pulls up in his scraper car with the Uber sticker in the window."
utter111.859,utter,DEZ,My niggaz! Your Uber is arriving!
utter111.860,utter,MILES,"DEZ! What are the odds, of this."
utter111.861,utter,COLLIN,Of-fucking-course we did.
scene112,slugline,,I/E. NEW CAR - NIGHT
desc112.862,desc,,"Dez is driving, with Miles sitting shotgun and Collin in the backseat. Music blasts OBNOXIOUSLY LOUD. Subwoofers attracting a lot of attention. They swerve through Oakland. Miles dancing in his chair, leaning on the steering wheel, smoking a cigarette. They drive past a COP, Collin sees it. Miles yells out the window, being ignorant."
utter112.863,utter,COLLIN,"Bruh, sit the fuck down!"
desc112.864,desc,,He pulls Miles back into the car.
utter112.865,utter,MILES,"Just cuz YOU don't wanna celebrate, fine I'll celebrate for you."
utter112.866,utter,COLLIN,Don't yell out the window like a fuckboy.
utter112.867,utter,MILES,"Oh, I'm a fuckboy tonight. Better a fuckboy than a snitch, bruh. Fuckboy."
utter112.868,utter,COLLIN MILES,Snitchin' ass Collin. Fuck. Boy. Snitch.
utter112.869,utter,COLLIN DEZ,"As your driver, I'ma just keep it professional and stay out of this."
scene113,slugline,,INT. WEST OAKLAND HOUSE PARTY - NIGHT
desc113.870,desc,,"Collin and Miles head inside the party and look for their friends. It's a hipster party. Plastic cups and drinking games, bongs and jello shots. As they walk up the stairs they run into SID, white and a very enthusiastic party host."
desc113.871,desc,,"That shirt is fuckin EPIC. ""Kill a Hipster, Save Your Hood."" I love it. He pats Miles on the chest, and keeps walking."
utter113.872,utter,COLLIN,There's Nak.
utter113.873,utter,MILES,...I'm getting a drink.
desc113.874,desc,,"Miles leaves Collin and heads towards the kitchen. Collin heads over to NAK (female, 30s, Black), a few others, and TERRY (29). He's a well dressed, preppy, Black man who is apparently here with Nak."
utter113.875,utter,COLLIN,"What's good, ya'll?"
utter113.876,utter,NAK,"Collin, this is Terry, we work together at Youth Radio. Terry... Collin. He's a free man today."
desc113.877,desc,,Terry stands to shake Collin's hand.
utter113.878,utter,COLLIN TERRY,"How's it going, man?"
desc113.879,desc,,Sid comes by to check on them again.
utter113.880,utter,SID,"Hey, everyone good? You guys need dranks? No? You good? Good? There's plenty of drank in the kitchen homies. Feel free!"
desc113.881,desc,,"Everyone starts to sit down on a couch and place their cups on the coffee table. Just as they do, Sid freaks out."
utter113.882,utter,SID (CONT'D),"Oh! No cups! These are actually original Oakland Oak tree stumps, 140 years old. Isn't that crazy? Oh and check this out..."
desc113.883,desc,,"Sid leads them over to the wall over the fireplace, where a photo is hanging of himself, wearing a tribal gown and sandals, long hair in a bun, hugging a group of African children, with them all wearing American clothing."
utter113.884,utter,SID (CONT'D),"Some of us execs started a nonprofit to build water filtration systems in Ghana, spent the last two months over there and these kids changed my life. That's Nahimbi, Tarani, Terendi, and Nahandi. They are AMAZING. They taught us a lot about love and culture. And ourselves."
desc113.885,desc,,"A friend of Sid, JEFF, grabs him for a big hug and pulls him away from the group. The crew stares in shock at the picture. NAK I... I hate him so much."
utter113.886,utter,TERRY,"I'm going to get some ""drank"" from the kitchen. ""Anyone want anything? No? No? You good?"""
desc113.887,desc,,Terry heads to the kitchen.
utter113.888,utter,NAK,(to Collin) Where's your platonic life mate?
desc113.889,desc,,"Collin gestures towards Miles in the kitchen. In his new shirt, Miles blends in with the crowd of white hipsters."
utter113.890,utter,COLLIN,"It's like releasing a wild animal into a fake habitat for the first time. Checkin' it out, doesn't"
scene114,slugline,,INT. WEST OAKLAND HOUSE PARTY - KITCHEN - CONTINUOUS
desc114.891,desc,,"Miles walks around a corner and notices that this party has been catered by the new Kwik Way. Trays of pre-made burgers are laid out, ALL with stickers that say ""VEGAN."" POTATO WEDGES are in little trays. Miles sighs uncontrollably. Another dude, EDDIE (late 20s, white) is standing by the counter. Terry enters the kitchen looking for the drinks."
utter114.892,utter,MILES,"This isn't fuckin Kwik Way! Kwik Way doesn't cater! It's Kwik, it's round the Way, it's in the name!"
utter114.893,utter,EDDIE,Who the fuck ordered ALL vegan. You bougie fucktards.
utter114.894,utter,MILES,"My bruh, thank you. Finally a mothafucka wit' some perspective, ya dig."
desc114.895,desc,,"Miles pats the dude on the arm as Eddie walks off. Pouring drinks, Terry laughs and scoffs a little at Miles. Miles immediately turns his attention to Terry scoffing at him. You good?"
utter114.896,utter,MILES (CONT'D) TERRY,"Yeah, ""I'm good."" Lol."
desc114.897,desc,,"As Terry walks away with two drinks, he tries to have a ""teachable moment"" with Miles. He notices Miles's gold teeth."
utter114.898,utter,TERRY (CONT'D),"(to himself) Oh, the grill! You have a grill in. Wow. (to Miles) You know, you don't have to act ghetto to hang here. Have fun, bud. Welcome to Oakland."
desc114.899,desc,,"Terry pats Miles's back, and heads back to the living room. Miles stays there, processing what just happened. He stares down at the Kwik Way burgers. He looks back at the sea of people partying in the kitchen."
scene115,slugline,,INT. WEST OAKLAND HOUSE PARTY - LIVING ROOM - CONTINUOUS
desc115.900,desc,,"Terry walks back to Nak and Collin. He is excited to tell them about the ""hipster kid"" he just met."
utter115.901,utter,TERRY,"Oh, man. It doesn't stop. Some hipster kid in the kitchen is full on culture vulture. ""What it do my bruh, it's lit!"" Just, so many layers. I was like ""Um, don't talk like that. That's not you."" Ha!"
desc115.902,desc,,COLLIN AND NAK
utter115.903,utter,NAK,Stick together everyone! Lock arms!
utter115.904,utter,TERRY,I made two more I'll be right back.
desc115.905,desc,,"Terry walks back to the kitchen. Collin takes a sip of his drink. He looks up at where Terry is walking, and sees Miles, fuming mad, staring at the wall in the kitchen. His fists are balled. He is staring at himself in a mirror. BREATHING HEAVILY. Collin realizes that Miles is who Terry was making fun of. Oh, fuck."
utter115.906,utter,COLLIN,It's too late.
scene116,slugline,,INT. WEST OAKLAND HOUSE PARTY - KITCHEN - CONTINUOUS
desc116.907,desc,,"MILES GRABS TERRY BY THE COLLAR AND STARTS HITTING HIM OVER AND OVER! Terry tries to fight him off but Miles is way more mad and violent, swinging Terry around. Collin runs over and grabs Miles, pulling him out of the kitchen, and through the living room. Terry is bleeding on the floor, people helping him up."
utter116.908,utter,COLLIN,"C'mon, bruh!"
scene117,slugline,,EXT. WEST OAKLAND APARTMENT - NIGHT - MOMENTS LATER
desc117.909,desc,,"Collin pulls Miles away from the house. Terry comes out the front door, embarrassed, and looking for a rematch. Dozens of people from the party follow him outside, until there is a crowd on the sidewalk."
utter117.910,utter,TERRY,"Ey white boy, no, get over here!"
utter117.911,utter,MILES,Come on then!
desc117.912,desc,,"Miles pulls off his shirt, revealing he is covered in tattoos. Terry runs at Miles and grabs him by his arms, and pushes him against the house. Terry hits him a few times. Miles grabs him by his neck, and decks him, knocking Terry against a car. Terry reaches out as he falls and tries to put Miles in a HEADLOCK and starts to choke him. Miles head butts him sharply, and Terry falls. Miles punches him in the face, and kicks him in the ribs, 2, 3, 4 times. Collin watches in horror as the whole crowd is yelling at Miles to stop. Miles continues to kick Terry, yelling incoherent things. Finally he steps back. Some of Terry's friends run over and pick him up. He's in bad shape but manages to stand up. The whole crowd is looking at Miles. A small circle is around him, as he stands in the middle alone. He is bleeding, spits out some blood. He looks over and sees Collin. They lock eyes, Miles looks hurt and furious. Sid, nearly hyperventilating, comes out from the crowd. He looks at Miles with disgust and yells:"
utter117.913,utter,SID,GET THE FUCK OUT OF HERE!
desc117.914,desc,,"Miles spins around, looks at him and is wildly offended all over again."
utter117.915,utter,MILES,WHAT? GET THE FUCK OUTTA WHERE? YOU
desc117.916,desc,,"GET THE FUCK OUTTA HERE! Miles pulls THE GUN out from his back pocket, and holds it in the air over his head. He fires off a few shots! NO!"
scene118,slugline,,COLLIN
desc118.917,desc,,"The crowd goes into a PANIC, fleeing the scene in every direction."
utter118.918,utter,MILES,"Y'all want Oakland, right? Ya'll love it here, right? Y'all get the fuck outta here!"
desc118.919,desc,,"Collin grabs Miles, pulling him down the street as the two begin to run off."
scene119,slugline,,EXT. ABANDONED PARKING LOT - NIGHT
desc119.920,desc,,They're running away from the party now. Tension is high between them. They run a few blocks and spill into an abandoned lot. They stop to catch my breath.
utter119.921,utter,MILES,Gimme my pistol!
utter119.922,utter,COLLIN,"Hell no. Are you fucking crazy?! Really Miles, really? Had to go down, tonight!!!?? Then what? They call the police and come shoot my black ass not you?!"
utter119.923,utter,MILES,Fuck is your problem? You didn't do a fuckin thing!
utter119.924,utter,COLLIN,That's Nak's patna!
utter119.925,utter,MILES,"Is that YOUR patna?? I don't give a fuck if it's her patna. Shit, I backed YOU up in the exact same situation, and you didn't even help!"
utter119.926,utter,COLLIN,"Yeah, cuz that was fuckin' stupid."
utter119.927,utter,MILES,What does that mean? YOU'RE mad at ME and I'm stupid now? YES!
utter119.928,utter,COLLIN MILES,For WHAT? For being exactly who the fuck I've always been?
utter119.929,utter,COLLIN,"For being hella extra at all times when nobody is comin for you, yes! Why is that still?"
utter119.930,utter,MILES,"Still? Look who the fuck I am, WHERE the fuck I grew up, Collin! This how I survived out here! I ain't nothin new, YOU the one actin brand new. Why I gotta act like that?"
utter119.931,utter,COLLIN,"I dunno, since you had a kid, since I got locked up, since were two grown ass men, and you ain't got to!"
utter119.932,utter,MILES,"--and WHAT! I'm supposed to switch it up for who? Is that why you eat fuckin' vegan burgers and drink juice to impress some female? You don't wanna be YOU no more, you wanna what, fit in with them hipster kids like you ain't from here?"
utter119.933,utter,COLLIN,I ain't got to prove I'm from here!
utter119.934,utter,MILES,Well good for you!
utter119.935,utter,COLLIN,Nigga you got somethin to prove to everyone!
utter119.936,utter,MILES,"That's what happens when everyone around you got you FUCKED UP! YOU can dress however you want Collin, but nobody got you fucked up ever, you a big black dude with dreads in West Oakland, no one is misreadin' you."
utter119.937,utter,COLLIN,Yeah... I know. YEAH.
utter119.938,utter,MILES COLLIN,"Yeah, my nigga... Yeah."
utter119.939,utter,COLLIN,No. Say it. What? Say nigga.
desc119.940,desc,,Miles pauses for a while. Fuck you.
utter119.941,utter,COLLIN,"Say it. Say nigga. Say, ""Yeah my nigga!"" ...no."
utter119.942,utter,COLLIN,SAY IT!!!!!!!
utter119.943,utter,MILES,"No, I don't say that shit. Why not??"
utter119.944,utter,COLLIN MILES,Because it's... What?
utter119.945,utter,COLLIN,Because why?!
utter119.946,utter,MILES,Cuz I'm not callin' you that. I'm not a disrespectful mothafucka!
utter119.947,utter,COLLIN,"But I can call YOU ""nigga?"" Nigga? Go nuts! Why???"
utter119.948,utter,MILES MILES,Because you started calling me that when we were like twelve and I didn't trip.
utter119.949,utter,COLLIN,"If it's so offensive, why do you let me call you it?"
desc119.950,desc,,"Long pause, staring at each other. Miles is completely confused."
utter119.951,utter,COLLIN (CONT'D),"You're a nigga, Miles. What?"
utter119.952,utter,MILES COLLIN,"You're fuckin nigga, Miles. Okay? No, I'm not."
utter119.953,utter,COLLIN,"Oh, you're not?? You're not just like me? You don't act just like me? I'M a nigga. In fact you do more nigga shit than I do. You....."
utter119.954,utter,MILES,"Yeah, but I'm not...."
utter119.955,utter,COLLIN,"Black? No you're a nigga, just like me. And I'm wonderin' why you get to walk around with the white force field on. What?"
utter119.956,utter,MILES COLLIN,"Why do you get to be safe?! Ashley is right, you don't care about shit. You go around actin' an ass like there's no consequences for nothin! Meanwhile I try to keep our shit in order and help... and every time a nigga sees me they think I do the dumb ass, no sense, bad dad, irresponsible gun carryin' kinda' shit you do. Meanwhile I take care of my shit, do our time sheets every week, pick us up, keep YOU outta dumb shit - While you go and buy guns, what, for your fuckin FAMILY? You're the nigga! You're the nigga they out here looking"
desc119.957,desc,,Miles is stuck for a second. Collin starts to walk away from Miles. He is walking home.
utter119.958,utter,MILES,Where the fuck are you goin?
utter119.959,utter,COLLIN,You not fuckin up my shit tonight Miles. I'm THIS fuckin close.
desc119.960,desc,,"Miles stands there shocked, until Collin is out of frame."
scene120,slugline,,EXT. STREET - NIGHT
desc120.961,desc,,"Miles walks home alone, bleeding, looking around. He walks down a main street. No one bothers him."
scene121,slugline,,EXT. STREET - NIGHT
desc121.962,desc,,"Collin walks home alone, nervous, looking over his shoulder constantly. Scanning the streets. He decides to jog."
scene122,slugline,,INT. MILES'S APARTMENT - NIGHT
desc122.963,desc,,"Miles walks in, not expecting anyone to be awake. Ashley is sitting at the table. Miles is still covered in blood. She starts to scold him but then notices how he looks."
utter122.964,utter,ASHLEY,"You better not have that fuckin gun on you. Cuz if-- Miles, what the hell?!"
utter122.965,utter,MILES,I got into a fight. Think I broke my hand.
desc122.966,desc,,Ashley's expression changes from furious to shock to deep disappointment and dismay.
utter122.967,utter,ASHLEY,What the fuck were you fighting about?
utter122.968,utter,MILES,Just... (...realizing) Nothing important.
scene123,slugline,,INT. MILES'S APARTMENT - LATER
desc123.969,desc,,"Miles is holding his hand in the freezer. Ashley comes in with an ACE BANDAGE and begins wrapping his palm. He is sitting in a chair and she kneels next to him. She is doing it with anger, and too fast. Ashley is upset, and biting her tongue. Ashley finishes tying the bandage and YANKS hard. Ow! Shut up."
desc123.970,desc,,She yanks again.
utter123.971,utter,OW!,Shut up!
desc123.972,desc,,Miles looks at her hopelessly.
utter123.973,utter,MILES,"Yes, I got into a fight! You wanna be mad about that?"
utter123.974,utter,ASHLEY,"Yes! But, no! You are pickin the wrong fights. Alright... THIS... (motions to the apartment) ...is already hard. THIS is work. HE is WORK, and I don't feel like you're HERE with me right now."
utter123.975,utter,MILES,I didn't buy the gun on some TOUGH
desc123.976,desc,,"shit, I was tryin' to-Ashley's tone turns a bit more solution driven, but still desperate."
utter123.977,utter,ASHLEY,I know why you thought you needed to get a gun-MILES I shoulda been more careful with where I had it.
desc123.978,desc,,Ashley SMACKS him upside the head.
utter123.979,utter,ASHLEY,"No, stupid! You shouldn't have made a decision to buy a gun without me! Or goin' out and brawlin' with niggaz and god knows what the hell could happen to you. (beat) It's not just YOU in this!"
utter123.980,utter,MILES,"OK, THIS was some mothafucka..."
utter123.981,utter,ASHLEY,"Before you give me another excuse, which with your mouthpiece will seem like an airtight defense-- let me ask you something. Were you afraid when you came out here and saw Sean holding the gun? Yeah."
utter123.982,utter,MILES ASHLEY,"OK, so me too. And do you think that if you had told me about possibly buying a gun, I might have seen that scenario coming?"
desc123.983,desc,,Miles looks at the floor and processes. Then he starts nodding.
utter123.984,utter,MILES,"That's a really good point. That's a REALLY good point. (beat) If you go out and get a job in sales, you can list me as a reference."
desc123.985,desc,,"Ashley YANKS on his hand wrap, way harder than she meant OWWW!!"
utter123.986,utter,MILES (CONT'D) ASHLEY,HA! Maybe if you niggas weren't so
utter123.987,utter,wi MILES,Don't call me that.
utter123.988,utter,ASHLEY,What? Nig -MILES Don't call me that.
desc123.989,desc,,Ashley pauses.
utter123.990,utter,ASHLEY MILES,I love you.
utter123.991,utter,ASHLEY,I love you too.
scene124,slugline,,EXT. CORNER OF COLLIN'S STREET - NIGHT
desc124.992,desc,,"Collin has jogged the whole way back. When he gets to the corner of his street, he stops to look up at the street sign. He stares at the Oak tree. As he is standing there, a COP CAR flies by before abruptly stopping a few cars past Collin... Collin stops for a moment, but then starts walking quickly towards his halfway house. The cop car turns around slowly and creeps until it's right behind Collin. Following him at the same pace he is walking. ANGLE ON: Collin's pocket with the gun. Collin realizes... ...he still has Miles's gun."
utter124.993,utter,COLLIN,(to himself) Fuck fuck fuck fuck fuck.
desc124.994,desc,,"The cops SHINE THE LIGHT on Collin, and he freezes. He faces them. A deer caught in headlights. They hold the light on him for what feels like forever. But then... The cop radio CHATTERS. The light clicks off... ...and the cop car SPEEDS OFF. Collin drops to his knees. He BREATHES HEAVILY and stares in the direction that the car went."
scene125,slugline,,INT. COLLIN'S HALFWAY HOUSE - NIGHT
desc125.995,desc,,"Collin walks in the front door, closes it, and stands there in the hallway. He is quiet, standing alone. He looks at the chore board in the hall, his name still has ""BATHROOM DUTY"" written next to it."
scene126,slugline,,INT. COLLIN'S HALFWAY HOUSE - COLLIN'S ROOM - MOMENTS LATER97
desc126.996,desc,,"He walks into his room, and locks the door behind him. He gets ready for sleep, takes his pants and shirt off, then sits on the edge of the bed. He pulls THE GUN out of his pocket and stares at it. Stuffs it back in his jean pocket on the floor, and lays on his back."
scene127,slugline,,INT. VAL'S BEDROOM - CONTINUOUS
desc127.997,desc,,"Val's phone rings, she is studying for exams. We INTERCUT between Val and Collin for this conversation:"
utter127.998,utter,Hi.,...Hi. ...um
utter127.999,utter,VAL COLLIN,VAL
utter127.1000,utter,COLLIN,How's the memorizing going?
utter127.1001,utter,VAL,"Yeah, trying to get these Psychology terms down."
utter127.1002,utter,COLLIN,What...name did you come up for the double picture one? The faces and vase one.
utter127.1003,utter,VAL,Oh! That one I like. I called it
desc127.1004,desc,,"""Blindspottin'."""
utter127.1005,utter,COLLIN,...why blindspottin?
utter127.1006,utter,VAL,Because it's all about how you can look at something and miss the other thing there. So you always got a blind spot.
utter127.1007,utter,COLLIN,But you don't have a blindspot once someone points out the other picture to you.
utter127.1008,utter,VAL,"Mmmm, but you can't go against what your brain wants to see first. So you're blind to the spot you aren't seeing, you got a blind spot, ""blindspottin'"""
desc127.1009,desc,,Collin takes that in for a while. The call is quiet.
utter127.1010,utter,Collin? VAL (CONT'D) COLLIN,When you look at me...do you see the fight first?
desc127.1011,desc,,Val is quiet on the other end for a long time. She puts her head down. Collin drops his head too. Her silence says everything.
utter127.1012,utter,COLLIN (CONT'D),"Good luck with your tests tomorrow, Val. ...Coll--"
desc127.1013,desc,,And he hangs up.
scene128,slugline,,SUPER: FIRST DAY OFF PROBATION INT. COLLIN'S HALFWAY HOUSE - COLLIN'S BEDROOM - MORNING
desc128.1014,desc,,"The alarm clock jolts him awake. No gunshot. Collin opens his eyes. It's a new day. He wakes up, and looks at the map on the wall. He rips it down, throws it in the trash. He picks up the TRUMPET. Looks it over."
scene129,slugline,,INT. COLLIN'S HALFWAY HOUSE - BATHROOM - MOMENTS LATER
desc129.1015,desc,,"Collin cleans the horn in the sink, the mouth guard, all the valves, etc. It shines a surprising amount with a little love and care. He attempts to blow it, but no sound comes out. He pulls a valve on the bottom, holds it over the drain, and watches a DIRTY UGLY OOZE slide out of the trumpet. It's a lot, draining into the sink. He tries the trumpet again, and it makes a HUGE SOUND. We hear James off in the distance:"
utter129.1016,utter,JAMES (O.S.),Oh HELL no! It's 7am! Better be some cleaning going on!
desc129.1017,desc,,Collin SMILES. We see a mop behind him.
scene130,slugline,,EXT. KONA CLUB - DAY
desc130.1018,desc,,"Collin has earbuds in, rhyming to himself. He rounds the corner, glancing at Kona's door. As he passes Kona, he steps on something squishy and stops. He looks down, and it's... ...a strawberry, right where his fight happened. He shakes it off and keeps running."
scene131,slugline,,INT. MOUNTAIN VIEW CEMETERY - DAY
desc131.1019,desc,,"He enters the cemetery and starts his loop. After a bit, he looks up to see the BLACK MAN WHO WAS SHOT staring at him. Sitting on top of a HEADSTONE. Collin looks forward and keeps running when he notices... ...a SECOND BLACK MAN sitting on another headstone. He closes his eyes trying to will the hallucination out of his mind. Collin opens his eyes and keeps going. But then notices another, and another, and another. Other people are walking through the cemetery, but they can't see all the black men sitting on the headstones. More and more appear, staring at him. COLLIN LOOKS AROUND AND NOW EVERY HEADSTONE IN HIS SIGHT HAS A BLACK MAN, HIS AGE, WEARING HOODIES, STARING AT COLLIN! Collin is frantic, running fast to get out. Eyes nearly closed, he bursts out onto the street. He keels over to catch his breath. Collin stands up and looks back. Now he sees what everyone else sees... ...just rows of gravestones."
scene132,slugline,,INT. MILES'S APARTMENT - DAY
desc132.1020,desc,,"Miles answers the door for Collin. Collin looks distraught. Ashley is dressing Sean in the background, Miles and Collin don't say anything to each other. Collin is still wearing his running clothes."
utter132.1021,utter,ASHLEY,Hey Collin!
utter132.1022,utter,MILES,"We late, we gotta go straight to the first appointment. I called the"
scene133,slugline,,office & got the address.
desc133.1023,desc,,"Ashley comes over, acting silly. She jumps towards him in celebration."
utter133.1024,utter,ASHLEY,Colliiiiiin! You are freeeeeee! Do you feel liberated today? Fresh start fresh start fresh start.
desc133.1025,desc,,She grabs Sean and dances with him.
utter133.1026,utter,COLLIN,"Yeah, I'm good."
utter133.1027,utter,ASHLEY,And not a scratch on ya! Must got them quick hands quick hands!
utter133.1028,utter,MILES,(under his breath) That's not why.
desc133.1029,desc,,"Sean runs up, jumping over them both, then he punches Collin."
utter133.1030,utter,COLLIN,A-ha-how! Excuse me?
desc133.1031,desc,,"Sean puts his dukes up, keeps punching Collin."
utter133.1032,utter,COLLIN (CONT'D) ASHLEY,"Sean, quit being a tough guy, don't punch Collin."
utter133.1033,utter,COLLIN,"Ease up, lil man!"
desc133.1034,desc,,"Sean gives a big LAUGH, they play box and spill into the living room. Collin tries to avoid the punches. Collin sits down to be eye-level with Sean. They're at a standoff. Collin and Sean stare at each other to see if Sean is going to PUNCH again. Finally, he does."
utter133.1035,utter,COLLIN (CONT'D),"Ey, quit it!"
desc133.1036,desc,,"Sean goes for it again. Collin changes his tone, points at Sean, and forcefully commands him. STOP!"
desc133.1037,desc,,"Right then, Sean throws his hands up in the air over his head. And says:"
utter133.1038,utter,SEAN,Don't shoot!
desc133.1039,desc,,"The room is quiet, Collin processes this. They are alone in the room, a 3-year-old with his hands up, and Collin with his finger pointed. He sits back in shock. His terror begins to return. He slumps back into the chair, he recedes back into his own head. We overhear Ashley, almost in the distance."
utter133.1040,utter,ASHLEY,"Oh, good, baby! See they said he was too young for that pamphlet, but he took right to it."
desc133.1041,desc,,"Sean giggles. Collin is frozen, staring at Sean. Looks almost on the verge of tears. Collin slowly, uncomfortably slips backwards as everything else seems to fall away. We see Sean as a fully grown man standing in front of him, dressed like Collin."
scene134,slugline,,EXT. OAKLAND STREETS - DAY
desc134.1042,desc,,"Like a dream, we see rows of street signs are going by, over and over again as the signs drive by. We see the the EZ LIFT TRUCK rolling down the street overhead"
scene135,slugline,,EXT. HOUSE IN EL SOBRANTE - DAY
desc135.1043,desc,,"Collin opens his eyes. Miles and Collin are in the EZ-Lift truck and have arrived at a house in North Oakland. A woman and her son are standing on the porch to greet the boys. This is RACHEL. Her son is around Sean's age. They get out and make their way up the steps, to greet her on the porch. Rachel has a FORCED SMILE when they get up the stairs."
utter135.1044,utter,RACHEL,Um... Good morning.
utter135.1045,utter,MILES,Good morning. We're with EZ Lift
desc135.1046,desc,,for Rachel?
utter135.1047,utter,RACHEL,"Oh! Hi, ok. Thanks for coming. So... It's just a ton of boxes in the living room mostly. My son and I are going take off, but my..."
utter135.1048,utter,RACHEL (CONT'D),um... husband is downstairs. I got a storage from you guys so it's just all going back there until I
desc135.1049,desc,,figure out what to do.
utter135.1050,utter,MILES,Oh ok. So all the boxes are just in here?
desc135.1051,desc,,"Miles opens the door, and the alarm goes off. Rachel spins back around."
utter135.1052,utter,RACHEL,"Sorry about that, I cancelled the service, but it beeps by default"
desc135.1053,desc,,"when it's open. Just pull it closed when you're done. Say bye, Zander! Rachel looks at Collin on the way down the stairs. He's still in a daze from earlier. Rachel's momentarily confused by this, but keeps walking. She gets in her car and drives off. They notice her car is already filled with belongings."
scene136,slugline,,I/E. HOUSE IN EL SOBRANTE - DAY MOVING MONTAGE:
desc136.1054,desc,,The boys pick up boxes and load them into the truck. They still aren't talking. We see them in the living room lifting and clearing them out. Moving some furniture... Miles notices a manilla envelope on the table with a wedding ring left on it.... Walking the boxes down the stairs... Loading the truck with boxes... Red sticker boxes on one side and blue on the other... And finally... END OF MONTAGE ...Collin breaks the silence.
utter136.1055,utter,COLLIN,I'll go get the last box.
utter136.1056,utter,MILES,Ok...I'll finish packing the truck.
scene137,slugline,,INT. HOUSE IN EL SOBRANTE - DAY
desc137.1057,desc,,"Collin enters the nearly empty living room. Just a few items are left. A LAMP. A CHAIR. A COUPLE TURNED DOWN PICTURE FRAMES. Collin walks over and turns over one of the frames on the mantle. It's a photo of a uniformed cop, Collin freezes... It's the COP who murdered the young man. While Collin stands there, stunned, he hears a CRASH from the basement. He can't tell if it's in his head. He hears another CRASH, the sound of GLASS SHATTERING...and looks towards the top of the stairs, the door to the basement is ajar. Collin stands at the top of the steps to the basement, and looks down. He hears something else down in the basement fall over and break. His mind is racing. Shock. Horror. Collin is also filled with another feeling. Anger. He balls his fists."
scene138,slugline,,INT. HOUSE IN EL SOBRANTE - BASEMENT - CONTINUOUS
desc138.1058,desc,,"Collin descends the staircase to the dark basement. As Collin approaches the first turn in the stairs, he sees an OAKLAND POLICE DEPARTMENT flag hung on the wall. He turns another corner, and finds the officer, in sloppy stained clothes. He's standing over a broken sculpture and a few other shattered belongings. The cop is winded, breathing heavily. Distraught and beaten down. The cop looks up, recognizes Collin. Collin recognizes him. The cop looks towards his coffee table. Collin notices his eyes dart, and looks there too. The cop's firearm is sitting there. The cop shifts his weight as if he is going to go for it, and Collin panics in fear. Collin dives his hand into his pocket, pulls out Miles's gun, and points it at the Cop. Just then..."
scene139,slugline,,INT. HOUSE IN EL SOBRANTE - LIVING ROOM - DAY
desc139.1059,desc,,"...Miles comes through the front door looking for Collin. The alarm begins to BEEP loudly and rhythmically. Miles spots the picture frame flipped over to reveal the photo. He looks at it curiously, like he's seen it before... Suddenly it clicks."
utter139.1060,utter,MILES (CONT'D),Shit. (yelling)
desc139.1061,desc,,COLLIN! The BEEPING of the door alarm continues. Miles sees the open
scene140,slugline,,door to the basement-110 INT. HOUSE IN EL SOBRANTE - BASEMENT - CONTINUOUS
desc140.1062,desc,,"Miles bolts down the stairs. He sees the flag at the turn, hits the corner, and freezes when he sees Collin. Collin breathes heavily, gun in hand, pointed at the cop. The frozen cop in front of him. Miles doesn't move a muscle. The alarm sounds, in between BEEPS you could hear a pin drop. The alarm sounds just like the alarm in Collin's dreams. Collin is sweating, and won't stop staring into the eyes of this cop. The same way he stared at the wall of his bedroom in the halfway house. The same way he stared frozen in moments of pure fear these last four days. The cop tries to speak. Don't -"
desc140.1063,desc,,Collin interrupts him:
utter140.1064,utter,COLLIN,HOW!!! HOW? Are you just LIVING? Just living your life. Moving with your wife...
desc140.1065,desc,,The cop switches his focus back to the gun. Collin notices:
utter140.1066,utter,COLLIN (CONT'D),"Oh, does this scare you? What you know about scared?"
utter140.1067,utter,Collin... COLLIN,Were you worried someone come'd to get ya? Collin.
utter140.1068,utter,MILES COLLIN,"What? I'm just talkin' to him! You said to make it fun to listen to, right nigga?"
desc140.1069,desc,,"Miles gets quiet again, he doesn't want any part of this."
utter140.1070,utter,COLLIN (CONT'D),"Like a tree on a sign, nigga we cut right down Paul Bunyan ass cops come to chop me at the knees and search the trunk in my own town Did you count his rings when you bled him? When you dead him How old was he? HUH, HOW OLD WAS HE!"
utter140.1071,utter,COLLIN 26,That's how many years you decided didn't mean shit
desc140.1072,desc,,Collin gestures with the gun idly.
utter140.1073,utter,COLLIN,"Moving people in and out for a fee feeding this town decay an appetite of me an appetizer, huh. I MUST be tasty I have to stay angry cuz yal get"
utter140.1074,utter,hazy,Stop. and look. and see and yeah you might think you know what's happening but you don't ...FEEL it like WE do.
utter140.1075,utter,COLLIN (CONT'D),"To feel it, it has to... BE you. CUT you You ain't felt what the cut do THEN you'll see the faces, leave"
utter140.1076,utter,the Vases,"Make this the ""fight of our fucking"
utter140.1077,utter,"TIME""","Whose time is it, is it my time yet, is our time? I paid the fine, I did the time, watched YOU make panicked frantic"
desc140.1078,desc,,man fleeing the scene flatline
utter140.1079,utter,HUH!,Were you right about what's goin'
utter140.1080,utter,round,"In Oakdown, where down is up, up is"
utter140.1081,utter,down,"you monsters have me feelin' like the monster in my own town And I'll say it while I'm rappin,"
utter140.1082,utter,nigga,"Cuz everybody condition to listen to a rappin' nigga But I'm rappin' to the active nigga You the one cappin' niggas! Huntin' us til a headstone stuck in the mud In a city on the come up but throws no rope down for the ones who it broke down But stuck it out, which turned us some ""thugs!"" Now the city all brand new, and you throwin out US? / Might as well both break shit, make a fuss! I'm both pictures! See both pictures!"
desc140.1083,desc,,"SEE BOTH PICTURES! Collin starts breaking everything left in the room. Vases, picture frames against the wall."
utter140.1084,utter,COLLIN (CONT'D),SEE BOTH PICTURES!
desc140.1085,desc,,"GOES INTO DOUBLE TIME. He puts the gun up and walks towards the cop, gets to the last line."
utter140.1086,utter,COLLIN (CONT'D),Guess I'm a little bigger what a picture / (MORE)
utter140.1087,utter,COLLIN (CONT'D),This might shift the winter Everybody want a body of a cop to
utter140.1088,utter,splinter,I mean why wouldn't I split him he out splittin' wigs for 80k a
utter140.1089,utter,year,And ain't even from here who gone miss him if he disappear-Hey!
scene141,slugline,,MILES
desc141.1090,desc,,"When Miles speaks, the music go away, we hear how quiet and horrific this is outside of Collin's head:"
utter141.1091,utter,COLLIN,"And me the enabler enabling this to be I get no mistakes! But you can mistaken me? You get to make the mistake of takin' aim at me? Do you think you should die for it? If everybody blind, who gonna miss an eye for an eye for it. Hey!"
desc141.1092,desc,,"The music is back, we are back in Collin's reality:"
utter141.1093,utter,COLLIN,"Fillin up with fear I know you feel it, I been feelin' it for years In fact I don't remember ever never feelin' it"
desc141.1094,desc,,Double time continues for a bit. Collin!!
scene142,slugline,,MILES
desc142.1095,desc,,"Collin finishes his line and pulls the trigger. Nothing happens, the gun isn't loaded."
utter142.1096,utter,COLLIN,Difference between you and me is I ain't no killer. I ain't no killer.
desc142.1097,desc,,"Collin lowers the gun, the cop breathes for the first time. He almost looks disappointed. Collin turns and locks in with Miles, they stare at each other for a good long time. It reminds us of the stare Patrick asked for. Finally Collin looks at the floor, sadness takes him over, and he silently walks away. As he passes, he hands Miles the gun on the way out. Miles reluctantly takes it. Once Collin is out the door, the cop drops to the floor, and starts to tear up. The cop looks up at Miles. Miles looks back at him, unsure of what to say."
utter142.1098,utter,COP,I didn't mean t...
utter142.1099,utter,MILES,Doesn't matter.
desc142.1100,desc,,Miles walks away and closes the door.
scene143,slugline,,INT. EZ-LIFT TRUCK - DAY
desc143.1101,desc,,"Miles is driving for the first time. They sit in silence. Collin looks out the window. Miles watches Oakland the way they did on the first day, gentrification on top of the hood, restaurants changing, cops around, people walking dogs, crews hanging on corners while girls in sunglasses try to get by. The clash of worlds pushed together. They both see it. Miles looks at Collin. Collin keeps staring out the window. You good?"
desc143.1102,desc,,Collin looks back at Miles.
desc143.1103,desc,,Miles looks at Collin before nodding.
utter143.1104,utter,MILES,"Hey... Can I get a run invite, bruh? Maybe I wanna run!"
desc143.1105,desc,,The almost good joke gives Collin an excuse to LAUGH.
utter143.1106,utter,COLLIN,"You ain't finna run, Nigga!"
utter143.1107,utter,MILES,"I can run! I can be about fitness,"
desc143.1108,desc,,"I can drink green juice too Miles grabs the green juice in the cupholder. Collin whips his head around to watch Miles take a sip. Miles puts it to his lips, and humorously braces for a terrible tasting drink. He immediately pulls his head back and smacks his lips."
utter143.1109,utter,MILES (CONT'D),Son-of-a-bitch. That's not bad.
scene144,slugline,,EXT. TRUCK - DAY
desc144.1110,desc,,"They ride off down the street, we watch the truck disappear. We can still hear their conversation as they drive away."
desc144.1111,desc,,Who is the next move?
utter144.1112,utter,MILES (O.S.),Heatherrrrrrr ... Neel. In the hills.
utter144.1113,utter,COLLIN (O.S.),That's Derek Carr's girlfriend. Who?
utter144.1114,utter,MILES (O.S.) COLLIN (O.S.),"Quarterback of the Raiders. MILES (O.S.) Oh WHAT!?! Oh, it's my turn to air out now baby. She bout to hear all about this VEGAS move! They leaving OAKLAND and I am UPSET, HEATHER! Girl, GET YO MAN! He is a disloyal punk, turf hopping-- Vegan and Vegas kinda even sound similar, might be a conspiracy, my bruh. Maybe it's all connected!"
desc144.1115,desc,,Their dialogue gets quieter and quieter and... WE ROLL CREDITS
