segment-id,segment-type,segment-speaker,segment-text
desc0.0,desc,,Adapted Screenplay
utter0.1,utter,Screenplay by,Krysty Wilson-Cairns Based on the Book The Good Nurse By Charles Graeber
scene1,slugline,,"ST. ALOYSIUS HOSPITAL PENNSYLVANIA, 1996 INT. ST. ALOYSIUS HOSPITAL, I.C.U., STAHL'S ROOM - AFTERNOON"
desc1.2,desc,,"The steady breaths of a ventilator. Deep, rhythmic gasps. An alarm sounds, sporadic at first. An older man is lying with an IV, tubes coming out of his throat and diodes on his heart. His name is Edward Stahl, but we will never hear it. Painful cramps rack his body. His legs spasm. A nurse is watching. This is CHARLIE CULLEN, 36, small, sinewy and very pale. His hair is flecked with silver, his scrubs are bachelor white. Charlie is leached of colour, except for his eyes, they glisten. Charlie removes his stethoscope from his neck as he moves towards Stahl. He turns off the VENT ALARM and VTACH starts. He watches the monitor and the patient, noticing the alarming heart rate. Stahl flatlines and Charlie jumps into action dropping the side rail, then the bed."
utter1.3,utter,CHARLIE,I NEED HELP IN HERE!
desc1.4,desc,,He turns off the VTACH ALARM and starts compressions. He continues for a few seconds before hitting the CODE button.
utter1.5,utter,CHARLIE (CONT'D),I NEED HELP!!!
desc1.6,desc,,Charlie continues compressions as NURSE 1 rushes into the room.
utter1.7,utter,NURSE 1,What's going on?
utter1.8,utter,CHARLIE,"I came in, he was seizing, just started coding."
desc1.9,desc,,The RT (Respiratory Therapist) runs in and begins bagging. NURSE 2 follows...
desc1.10,desc,,What's going on Charlie?
utter1.11,utter,CHARLIE,"Came in, he was seizing, he went into VTACH and then he coded."
utter1.12,utter,NURSE 2,Let's swap compressors. TOGETHER 3....2...1...
desc1.13,desc,,Charlie moves to the side as NURSE 2 steps in. More People enter the room including DR. COLLINS.
desc1.14,desc,,What's going on?
utter1.15,utter,CHARLIE,"Heard the alarm from the hall, came in, saw he was seizing, silenced the vent, noticed he was in VTACH, then he was asystolic."
desc1.16,desc,,"The CODE CART comes through, pushing Charlie further out of the circle."
utter1.17,utter,DR. COLLINS,Anything else?
utter1.18,utter,CHARLIE,"No epi yet, he's had a minute of compressions."
desc1.19,desc,,"The Doctor has stepped forward, leaving Charlie behind."
utter1.20,utter,DR. COLLINS,"Let's get the epi started, pause in a minute for a rhythm check."
desc1.21,desc,,Everyone watches the monitor. A Nurse doing chest compressions checks for a pulse... No pulse.
utter1.22,utter,NURSE DR. COLLINS,Is that a shockable rhythm?
utter1.23,utter,CHARLIE,(behind him) Yes. Shockable.
utter1.24,utter,DR. COLLINS,"Let's charge to 150 joules, get back on the chest please."
desc1.25,desc,,This rotation continues. Until...
utter1.26,utter,DR. COLLINS (CONT'D),Alright...I think he's had enough. Let's call time of death. Someone please call his wife.
desc1.27,desc,,Dr. Collins grabs the chart at the foot of the patients bed.
utter1.28,utter,DR. COLLINS (CONT'D),(to other nurse) What happened? It looked like he was out of the woods this morning.
desc1.29,desc,,A moment of silence that feels like an eternity. It's never
desc1.30,desc,,No one has an answer. They file out the room. Charlie stays behind. His eyes drift over Stahl's dead body.
scene2,slugline,,"INT. ST. ALOYSIUS HOSPITAL, I.C.U., CORRIDOR - NIGHT"
desc2.31,desc,,"Charlie moves along an empty dark corridor. We just observe him, as he walks alone away from the camera."
scene3,slugline,,"PARKFIELD MEMORIAL HOSPITAL NEW JERSEY - 2003 INT. PARKFIELD MEMORIAL HOSPITAL, ICU, CORRIDOR - NIGHT"
desc3.32,desc,,"A nurse moves down the corridor at PARKFIELD MEMORIAL HOSPITAL, ICU. She has changed into scrubs. The corridor is dark. All lighting adjusted to night-mode. This is AMY LOUGHREN 36, exhauster, pale. There's subtle air of neglect about her: skin dry; eyes a little bloodshot. She's beautiful, but not in a delicate way. She's strong, practical, resilient. She goes into the storage room. IV-bags are stacked on shelves. She takes one, makes some notes and leaves the room. 4."
scene4,slugline,,"INT. PARKFIELD MEMORIAL HOSPITAL, ICU, ANA'S ROOM - LATER"
desc4.33,desc,,"ANA MARTINEZ, 83, lies in bed. Red and raw all over. She's shaking in pain, her skin is peeling off around her eyes and lips. Her husband, SAM MARTINEZ, 80s, watches on helplessly. Amy's trying to put an IV into Ana's arm."
utter4.34,utter,AMY,Almost there.
desc4.35,desc,,Sam fights to hide that he is scared. Amy tries to distract both of them.
utter4.36,utter,AMY (CONT'D),How long have you two been married?
utter4.37,utter,ANA MARTINEZ,Three years.
desc4.38,desc,,They smirk at Amy's surprised look.
desc4.39,desc,,"A couple of newlyweds. Amy threads the needle in Ana's vein, she winces slightly. Got it."
scene5,slugline,,AMY (CONT'D)
desc5.40,desc,,"Ana begins coughing. Her breath grates like sandpaper on her throat. She cannot speak, she just pats at Sam's arm, begging. Sam understands."
utter5.41,utter,SAM MARTINEZ,Can I give her some water?
utter5.42,utter,AMY,"I'm sorry. Not until tomorrow. She still might choke. Here, this will"
desc5.43,desc,,"Amy holds down a button on Ana's IV pump. Ana relaxes. Sam watches her for a beat, worried. Then looks at his watch."
utter5.44,utter,SAM MARTINEZ,"I have to goANA No, no. You can't go..."
utter5.45,utter,SAM MARTINEZ,You know the rules. I'm not allowed to stay.
desc5.46,desc,,"Hey Sam, this chair reclines. Amy wheels in a chair."
utter5.47,utter,AMY (CONT'D),Do you want some blankets and a pillow?
desc5.48,desc,,"Sam looks at her, hopeful: really?"
utter5.49,utter,AMY (CONT'D),I won't tell if you don't.
desc5.50,desc,,Sam smiles.
utter5.51,utter,AMY (CONT'D),I'll be right back.
scene6,slugline,,"INT. PARKFIELD MEMORIAL HOSPITAL, ICU, CORRIDOR - NIGHT"
desc6.52,desc,,Amy drinks coffee at the nurses' station while logging notes and talking to NURSE STEVENS.
utter6.53,utter,AMY,...I don't understand why his pressure is so low?
utter6.54,utter,NURSE STEVENS,They don't know but they want another set of labs for the night.
utter6.55,utter,AMY,Okay. What about Holly?
utter6.56,utter,NURSE STEVENS,Holly is stable but they still need to get the labsAmy?
scene7,slugline,,VIVIAN NEAL (O.S.)
desc7.57,desc,,"She turns and sees VIVIAN NEAL, 60s, standing at the door of her office behind the nurses' station."
utter7.58,utter,VIVIAN NEAL (CONT'D),I would like to have a word with you about 310.
desc7.59,desc,,Amy sighs and we follow her into the office. Vivian closes the door behind her.
scene8,slugline,,"INT. PARKFIELD MEMORIAL HOSPITAL, ICU, VIVIAN'S OFFICE"
desc8.60,desc,,Amy sits across from Vivian.
utter8.61,utter,VIVIAN NEAL,We've talked about this?
desc8.62,desc,,"Amy looks at her, lost."
utter8.63,utter,VIVIAN NEAL (CONT'D),You let a relative sleep over?
utter8.64,utter,AMY,"Oh come on, it was 1:00AM, he is an"
desc8.65,desc,,old man. He was exhausted.
utter8.66,utter,VIVIAN NEAL,We don't have the staff to run a hotel for relatives...
desc8.67,desc,,Amy looks at her: this is crap.
utter8.68,utter,VIVIAN NEAL (CONT'D),Management have me rationing the coffee filters. Every penny is a freaking prisoner right now. I had to beg Linda Garran for extra staff to cover the winter surge.
desc8.69,desc,,"None of this is news to Amy. She looks at Vivian, pissed."
utter8.70,utter,VIVIAN NEAL (CONT'D),"But I got nights more help, okay? A new guy, tons of experience, great recommendations. Great."
scene9,slugline,,AMY
desc9.71,desc,,"Amy looks at Vivian, pleased. She heads back out."
desc9.72,desc,,You're welcome.
scene10,slugline,,"INT. PARKFIELD MEMORIAL HOSPITAL, ICU, HOLLY'S ROOM - NIGHT"
desc10.73,desc,,"HOLLY STEVENS, 30s, lies comatose in bed."
utter10.74,utter,AMY,"Hey Holly, it's Amy. Alright- I'm just going to turn you over. Let's put this arm down."
desc10.75,desc,,"Amy's moving her from her back to her side. It is heavy manual labour, moving an unconscious body around."
utter10.76,utter,AMY (CONT'D),I ran into your sister when I started my shift. She's so nice. Did you guys have a good time together? Can't believe she's got
desc10.77,desc,,twins. I don't know how she does
desc10.78,desc,,Amy stops for a breather. Tries to slow her heart rate with deep slow breaths.
scene11,slugline,,"INT. PARKFIELD MEMORIAL HOSPITAL, ICU, CORRIDOR"
desc11.79,desc,,Amy staggers down the dark hallway.
scene12,slugline,,"INT. PARKFIELD MEMORIAL HOSPITAL, ICU, PATIENT ROOM"
desc12.80,desc,,"Amy sits alone, behind a curtain, in an empty patient room, trying to catch her breath."
scene13,slugline,,I/E. AMY'S CAR / NEW JERSEY STREETS - DAWN
desc13.81,desc,,"The sun is just rising. Amy looks exhausted, grey in the cold pale blue light. She winds down the window, the cold air stopping her from nodding off."
scene14,slugline,,I/E. AMY'S CAR / AMY'S DRIVEWAY - MORNING
desc14.82,desc,,Amy's car bumps into the driveway. She looks at herself in the mirror. She looks exhausted. Amy puts on make up to try to look fresh and healthy and gets out of the car.
scene15,slugline,,"INT. AMY'S HOUSE, KITCHEN - CONT."
desc15.83,desc,,"Dark blue in the early morning light. Sounds of cartoons slip through from the next room. Amy pulls out $60 from her wallet and hands it to JACKIE, 60. Jackie's face flushes."
utter15.84,utter,AMY,How was the fried chicken? Did you do the whole paper-bag shake?
utter15.85,utter,JACKIE,"I did the whole thing. Whatever Julia Child's said, I did it."
desc15.86,desc,,They laugh. Amy sits down at the kitchen table.
utter15.87,utter,JACKIE (CONT'D),You still owe me- from last Friday.
desc15.88,desc,,Amy's eyes go wide at her mistake.
utter15.89,utter,JACKIE (CONT'D),But it can wait.
utter15.90,utter,AMY,"No! Sorry, I'm such an idiot."
desc15.91,desc,,"Amy opens her wallet, she pulls out two $20s, then there's just some singles. Amy has just enough."
utter15.92,utter,JACKIE,"I didn't mean, I don't need all of it now."
utter15.93,utter,AMY,It's yours. Please. Thank You.
desc15.94,desc,,"Jackie puts the money in her wallet. ALEX, 9, and MAYA, 5, holding a stuffed animal, enter from the next room."
utter15.95,utter,MAYA,"Come on, Mr. Teddy! We're going to school."
utter15.96,utter,AMY,I think we talked about Mr. Teddy not going to school.
desc15.97,desc,,Maya zips up her backpack.
utter15.98,utter,MAYA,"Come here, Mr. Bag."
desc15.99,desc,,As the kids head out Amy yawns. Bye mom! ALEX / MAYA
utter15.100,utter,AMY,Have the best day. Love you guys.
desc15.101,desc,,Alex is out the door. Jackie takes Maya's hand and follows.
utter15.102,utter,JACKIE,"See you later. Oh, you need milk by"
desc15.103,desc,,the way...
desc15.104,desc,,Got it. Thanks. The door slams and Amy is all alone. Her shoulders sink.
scene16,slugline,,"INT. DR. HIND'S OFFICE, CONSULTATION ROOM - DAY"
desc16.105,desc,,"An EKG needle scrathches erratically across a ream of green grid-paper. Amy reclines on a paper towel covered bed. Wires trail out from under her patient gown to an EKG machine. She watches the peaks and troughs scroll their way across the screen. DOCTOR ROBERT HIND, a man in his 60s, stares down at her readings. He looks very grave."
scene17,slugline,,LATER
desc17.106,desc,,"Amy is now sitting up on the bed, dressed back in her street clothes. She looks around. Maybe at her watch. Clearly waiting for something. Then Dr. Hind returns with a printed electrocardiogram and other test results."
utter17.107,utter,DOCTOR ROBERT HIND,Okay... It's not the news we were hoping for.
desc17.108,desc,,Amy looks surprised.
utter17.109,utter,AMY,"Well, how bad are we talking?"
desc17.110,desc,,Hind looks at the numbers on his screen.
utter17.111,utter,DOCTOR ROBERT HIND,"If you continue like this, we're looking at months before you have a serious coronary incident. Which could be fatal..."
desc17.112,desc,,She shakes her head in disbelief.
utter17.113,utter,DOCTOR ROBERT HIND (CONT'D),Amy. You need to listen to me here.
utter17.114,utter,AMY,"At the last appointment, you said there were options."
utter17.115,utter,DOCTOR ROBERT HIND,I know. But that was before we had these results... This is now about keeping your heart going long enough.
utter17.116,utter,AMY,Long enough for what?
utter17.117,utter,DOCTOR ROBERT HIND,To get you on the transplant list.
desc17.118,desc,,"She's very still, she looks at his dull eyes and calm face."
utter17.119,utter,DOCTOR ROBERT HIND (CONT'D),And you'll have to stop working. Take medical leave.
desc17.120,desc,,A sudden sobering fear hits her.
utter17.121,utter,AMY,"I can't. I need health insurance. I don't get paid leave until I've been there a year. Amy sighs, hopeless."
desc17.122,desc,,"Doctor Hind rubs his eyes, sighs, and nods. Amy is not the only one of his patients caught in a web of health insurance and bureaucracy."
utter17.123,utter,DOCTOR ROBERT HIND,"You have kids, right? Uh-huh."
utter17.124,utter,AMY DOCTOR ROBERT HIND,"Well. You're high risk for a stroke. You should make them aware of the symptoms. The early warning signs of an episode are breathlessness, pressure in your chest, feeling weak or faint. (beat) You need to tell them in case something should happen at home."
desc17.125,desc,,Amy doesn't know what to say. Hind looks at her. She nods.
scene18,slugline,,"INT. DR. HIND'S OFFICE, RECEPTION - AFTERNOON"
utter18.126,utter,AMY,Hi. Loughren. I am checking out.
utter18.127,utter,RECEPTIONIST,So I see there is no coverage from insurance? Nope.
scene19,slugline,,AMY
desc19.128,desc,,Amy slides a credit card onto the desk.
utter19.129,utter,RECEPTIONIST,With the test and consultation it'll be $980.
desc19.130,desc,,Amy fumbles in her bag. Pulls out another credit card.
utter19.131,utter,AMY,Can you split it on two?
utter19.132,utter,RECEPTIONIST,Sure thing.
scene20,slugline,,I/E. AMY'S CAR / DR. HIND'S OFFICE - AFTERNOON
desc20.133,desc,,"Amy stares at the windshield as the heaters try to blast away the condensation, cocooned in silence and despair. From outside the car, we can barely hear Amy. She sits behind steamed up windows, bent over the steering wheel, crying. Alone."
scene21,slugline,,"INT. PARKFIELD MEMORIAL HOSPITAL, ICU, NURSES' STATION LATER"
desc21.134,desc,,"The DAY NURSES are getting ready to leave. Amy grabs a chart then heads the storage room to stock up for her patient. She pushes the door open ontoINT. PARKFIELD MEMORIAL HOSPITAL, ICU, STORAGE ROOM - CONT. Charlie Cullen, 7 years older than last we saw him, is going through the shelves. Checking stuff at a clip board, trying to get an overview."
utter21.135,utter,AMY (O.S.),You the new guy?
desc21.136,desc,,Charlie looks up. Sees Amy at the door. A shy smile plays on his face.
utter21.137,utter,CHARLIE,Yep. Charlie. Hi.
utter21.138,utter,AMY,Amy. Hi. Welcome. Thank you.
desc21.139,desc,,"The conversation stalls. Amy makes up a tray, bandages, wound sticks, moisturizer and tape. Charlie's shyness eats away at him. He looks around, excited. Amy sees he's a little nervous."
utter21.140,utter,AMY,Did anyone give you the tour yet?
utter21.141,utter,CHARLIE,Nope. I got my patients but...
desc21.142,desc,,Amy sighs. She is clearly not happy with that.
utter21.143,utter,AMY,Okay... Let me show you around...
desc21.144,desc,,She steps aside and invites him to follow her outside.
scene22,slugline,,"INT. PARKFIELD MEMORIAL HOSPITAL, ICU, NURSES' STATION CONT."
utter22.145,utter,AMY,The computers are free for all.
desc22.146,desc,,"There's a code to access the bathroom, very importantly, the"
utter22.147,utter,CHARLIE,Uncrackable.
utter22.148,utter,AMY,"So, where do we start? You used a PYXIS before?"
desc22.149,desc,,He trails Amy over to the PYXIS: a bank of locked drawers with a computer screen bolted on top.
desc22.150,desc,,Charlie sees the PYXIS.
utter22.151,utter,CHARLIE (CONT'D),But we had the older model from '97.
utter22.152,utter,AMY,All right. I'll show you.
desc22.153,desc,,We follow her to the PYXIS.
utter22.154,utter,AMY (CONT'D),"Put in your Nurse ID, then your codeAmy punches in numbers, a selection screen appears."
utter22.155,utter,AMY (CONT'D),"Select what you need, the amount."
desc22.156,desc,,Amy taps Oxycodone. A drawer whirs and then pops open filled with pills.
utter22.157,utter,AMY (CONT'D),Take it out and close the drawer. Got it?
desc22.158,desc,,Amy cancels her request and shuts the drawer. Charlie nods.
utter22.159,utter,AMY (CONT'D),They said you have a lot of experience. Where did you work before?
utter22.160,utter,CHARLIE,"I've been all over really. Florians, Vance, St. Aloysius,"
utter22.161,utter,ShawlandsAMY,One of the girls I trained with is at Shawlands Medical. Lori...
utter22.162,utter,CHARLIE,"Lucas? We worked together a lot, she's great, amazing nurse."
utter22.163,utter,AMY,Haven't seen her in ages... Do they still call her the pocket rocket?
utter22.164,utter,CHARLIE,"No! God, I have to call her up and ask about that..."
utter22.165,utter,AMY,Don't tell her I told youThey share a laugh.
utter22.166,utter,AMY (CONT'D),"So, who did they give you?"
desc22.167,desc,,Charlie looks at his clip board.
utter22.168,utter,CHARLIE,"I have... 311 - Stevens, 310 Martinez. Hey, do you know their first names? You guys don't put them on the doors here?"
utter22.169,utter,AMY,You're like me. First names are always better.
desc22.170,desc,,"He nods. Amy moves to a water pitcher with ice and water, and starts prepping a cold cup of water."
utter22.171,utter,AMY (CONT'D),"Ana. We'll start with her, she was presented to the ED with an adverse reaction to Amoxicillin-"
desc22.172,desc,,Amy adds a straw and is ready with water.
utter22.173,utter,AMY (CONT'D),Kicker is it was her husband's prescription so insurance is going to screw them over if we give them the chance.
utter22.174,utter,CHARLIE,How is the skin?
utter22.175,utter,AMY,Sloughing off at this point.
utter22.176,utter,CHARLIE,Okay. Clears only diet?
utter22.177,utter,AMY,First sip tonight.
desc22.178,desc,,Charlie shares a look with Amy: fuck the insurance folks.
scene23,slugline,,"INT. PARKFIELD MEMORIAL HOSPITAL, ICU, ANA'S ROOM - CONT."
utter23.179,utter,AMY,"Hey there, lovebirds."
desc23.180,desc,,Ana's eyes light up.
utter23.181,utter,AMY (CONT'D),Look what I brought...
desc23.182,desc,,Amy moves the straw to Ana's mouth. Bliss. Sam sits at her bedside.
utter23.183,utter,AMY (CONT'D),Best thing you ever tasted?
desc23.184,desc,,For the first time we see Ana smile.
utter23.185,utter,AMY (CONT'D),"I want to introduce you to Charlie, he's your nurse this evening. But I'm still around if you need me."
desc23.186,desc,,Amy hands the cup to Charlie.
utter23.187,utter,AMY (CONT'D),"How you doing, Sam? Good?"
desc23.188,desc,,He nods.
utter23.189,utter,CHARLIE,(to Ana) Let me know when you've had enough...
desc23.190,desc,,Ana coughs.
utter23.191,utter,CHARLIE (CONT'D),Is it burning? Let's take a pause.
desc23.192,desc,,Amy looks at Charlie: Got this? He nods.
utter23.193,utter,CHARLIE (CONT'D),"So tell me Miss Ana, heard you had a rough couple of days, so you push that button if you need anything or want another drink, anytime. I'm"
scene24,slugline,,your Amy for tonight.
desc24.194,desc,,"Satisfied, Amy leaves."
scene25,slugline,,"INT. PARKFIELD MEMORIAL HOSPITAL, ICU, HOLLY'S ROOM - NIGHT"
desc25.195,desc,,"Holly Stevens lies comatose. She's slid down in bed. Amy's trying to sort Holly's position to something more comfortable. Lifting her by the torso. The effort of moving Holly's body is taking its toll. Amy can feel her heart throbbing. The pain shoots up from her chest to her throat. She steadies herself on the edge of Holly's bed. Sucks in deep breaths. Charlie taps at the door. Amy bolts upright, trying to hide the pain she is in."
utter25.196,utter,AMY,Hey. Everything going well?
utter25.197,utter,CHARLIE,Good. Great. Are you okay?
desc25.198,desc,,Amy instantly buries any pain she is feeling.
scene26,slugline,,AMY
desc26.199,desc,,"Charlie lingers, concern on his face."
utter26.200,utter,CHARLIE,'kay. Mine are all settled so I was just wondering if you'd cover me while I run down to the cafeteria and grab some food? You want something?
desc26.201,desc,,"Amy's stares at the clock on the wall, her face crunches."
utter26.202,utter,AMY,Sorry. The cafeteria shuts at eleven. I should have told you...
utter26.203,utter,CHARLIE,Oh. That's okay. You know I'm not that hungry. I'm sorry.
utter26.204,utter,AMY CHARLIE,"Really, it's fine. I'll hit up the vending machines. Don't worry."
utter26.205,utter,AMY,"You like eggs? I've got a large, questionable egg salad I'd prefer to share. Safety in numbers."
desc26.206,desc,,Charlie smiles. Moved by the gesture.
utter26.207,utter,CHARLIE,"I'm fine, thank you."
utter26.208,utter,AMY,I'll bring it to the desk when I am done with Holly here.
utter26.209,utter,CHARLIE,Sure. Thanks.
scene27,slugline,,"INT. PARKFIELD MEMORIAL HOSPITAL, ICU, NURSES' STATION NIGHT"
desc27.210,desc,,"Amy and Charlie sit together, charting, picking over the remains of a salad."
utter27.211,utter,CHARLIE,I liked the... um... croutons?
utter27.212,utter,AMY,The soggy crackers. Real delicacy. My oldest daughter made it. We come from a long line of women who can't cook...
utter27.213,utter,CHARLIE,So your husband cooks?
utter27.214,utter,AMY,It's just and me and my girls.
utter27.215,utter,CHARLIE,I have two girls. Four and seven.
utter27.216,utter,AMY,Yeah? Mine are five and nine.
utter27.217,utter,CHARLIE,"Don't live with mine anymore... Their mom moved like six hours away. So, that's kind of why I'm here."
desc27.218,desc,,Charlie smiles.
utter27.219,utter,CHARLIE (CONT'D),This is great. Thank you. They eat in silence.
desc27.220,desc,,Charlie looks at her. Smiles. A call bell sounds. Amy's still eating Rupertson.
utter27.221,utter,CHARLIE (CONT'D) AMY,Man I've got a minute before he pisses the bed.
desc27.222,desc,,Charlie jumps up. I got it.
utter27.223,utter,CHARLIE AMY,"You sure, thanks?"
desc27.224,desc,,Charlie walks over to the patient's room.
utter27.225,utter,CHARLIE (O.S.),I'm Charlie. Amy is just busy. Are you okay? Do you want the bedpan?
desc27.226,desc,,Amy smiles.
scene28,slugline,,EXT. AMY'S HOUSE - EARLY MORNING
desc28.227,desc,,The morning light is blue and cold. Amy lets herself into the kitchen. When the door opens she hears yelling coming from down the hallway.
utter28.228,utter,ALEX (O.S.),USING THEM.
scene29,slugline,,"INT. AMY'S HOUSE, HALLWAY - CONT."
desc29.229,desc,,"ALEX (O.S.) DAISY'S DAD BOUGHT HER LIKE TEN PAIRS. Amy moves quickly down the dark hallway, Cartoons blare from the living room as she passes on her way to-"
scene30,slugline,,ALEX (O.S.) (CONT'D)
desc30.230,desc,,"IT'S SUCH CRAPINT. AMY'S HOUSE, ALEX'S ROOM - CONT. Alex is dressed for school, her face is red, anger sizzles out of her."
utter30.231,utter,JACKIE,"Right. That's enough, I won't have that language."
utter30.232,utter,ALEX,THEY ARE CRAP! EVERYONE LAUGHS AT
desc30.233,desc,,"THEM. Amy enters. Alex is holding a tattered pair of sneakers in her hand, brandishing them. Amy is stressed, angry."
desc30.234,desc,,What the hell is going on?
utter30.235,utter,ALEX,You ruined my shoes!
utter30.236,utter,JACKIE,I did not! I tried to help you!
utter30.237,utter,ALEX,"No, you obviously didn't, Jackie."
desc30.238,desc,,"Jackie looks at Amy, bewildered. Alex instantly goes quiet."
desc30.239,desc,,I'm going to go check on Maya. Jackie slips past. Amy watches as Alex slumps on her bed and stares at the ground. Unreachable.
utter30.240,utter,AMY,Why are you shouting at Jackie?
desc30.241,desc,,"A long beat. Amy goes over and kneels by the bed next to her. Alex squirms, desperate to be somewhere else. The sounds of Jackie and Maya having breakfast seep through. Amy picks up Alex's sneakers."
utter30.242,utter,AMY (CONT'D),What happened?
utter30.243,utter,ALEX,She glued the bottom back on. And you can see the glue.
utter30.244,utter,AMY,"It's no big deal, Alex. I'll scrape"
desc30.245,desc,,it off.
utter30.246,utter,ALEX,You told her to!
utter30.247,utter,AMY,"Look, it comes right off."
utter30.248,utter,ALEX,It's on both shoes!
utter30.249,utter,AMY,"Just calm down, it's not the end of the world. No!"
desc30.250,desc,,Alex pushes them on the floor.
utter30.251,utter,AMY,"Okay, in a couple of weeks when I have time off we'll go into the city, get a new pair."
desc30.252,desc,,Alex has tears in her eyes. But she doesn't want to cry. She wants to fight.
utter30.253,utter,ALEX AMY,"I'm trying, I'm sorry you don't have as much asALEX"
desc30.254,desc,,"I don't get anything. I don't even get to have you. Amy looks at her, stung by the truth. She puts her arms round Alex. Holds her tight. Alex is limp in Amy's grasp. Her face floods with tears. She moves from Amy's hold and heads to the living room. Amy is left, heart rising, and in pain. But most of all she aches for Alex."
scene31,slugline,,AMY
desc31.255,desc,,Amy looks up. Maya is at the door. Looking sad.
scene32,slugline,,"INT. PARKFIELD MEMORIAL HOSPITAL, ICU, HOLLY'S ROOM - NIGHT"
desc32.256,desc,,"Amy is washing Holly. Amy tries to pivot Holly onto her side, an almost impossible task without help. Amy wedges her arm under Holly, tries to lift her enough to put a pillow under her. Amy tries again, pushing with all her strength, but Holly is a limp, dead weight. Amy feels a strong pain across her chest and down her arm. She takes a deep breath. Tries to control her pulse. Holly won't budge. Amy leaves and puts up the rail."
scene33,slugline,,"INT. PARKFIELD MEMORIAL HOSPITAL, ICU, PATIENT ROOM - CONT."
desc33.257,desc,,Amy sits behind the curtain. She is shaking. Looks lost. The anxiety still grips her as she breathes slowly. Amy?
desc33.258,desc,,Amy doesn't answer.
desc33.259,desc,,"Charlie comes in. Amy tries to stay calm. Her wheezes fill the room, the vise in her chest releases."
utter33.260,utter,AMY,(breathless) I am fine.
desc33.261,desc,,"Charlie considers leaving for a second, then he sits."
utter33.262,utter,CHARLIE,I'll just sit here until you feel better.
desc33.263,desc,,"They sit for a beat, her breath sawing, she can't hide her pain anymore. Her eyes wince. Charlie drips with concern. Breathe..."
desc33.264,desc,,"He breathes deeply, guiding her, encouraging her to slow her breaths."
utter33.265,utter,CHARLIE (CONT'D),Just keep breathing.
desc33.266,desc,,A long beat. Amy relaxes. The anxiety loosens its grip. There are tears in her eyes.
utter33.267,utter,AMY,"Electro cardio myopia, and there's blood blisters on my heart."
desc33.268,desc,,Charlie stays calm.
utter33.269,utter,CHARLIE,Why are you still working?
utter33.270,utter,AMY,I don't have health insurance...
utter33.271,utter,CHARLIE,What about here? Did you speak to one of the cardiologists.
utter33.272,utter,AMY,"No, please. Don't tell them- I'll get fired."
desc33.273,desc,,A long beat. Amy looks deeply alone.
utter33.274,utter,CHARLIE,I'm not going to tell anyone. How much longer do you need to work here before you get your insurance?
desc33.275,desc,,A smile on his lips.
utter33.276,utter,CHARLIE,I can help you. They sit together.
utter33.277,utter,CHARLIE (CONT'D),We can do four months.
desc33.278,desc,,Amy is not sure. Charlie looks at her. He can see that she's shaking.
utter33.279,utter,CHARLIE (CONT'D),You're going to be okay. (beat) Are you cold? Here.
desc33.280,desc,,"He slips off his cardigan, and places it round her shoulders."
scene34,slugline,,I/E. CHARLIE'S CAR / PARKFIELD PARKING GARAGE - DAY
desc34.281,desc,,"Charlie drives, Amy is in the passenger seat. He finds a spot and parks. Amy tries to open her door. AMY Something's wrong with the door. Charlie reaches over and opens it."
utter34.282,utter,AMY (CONT'D),Child lock?
desc34.283,desc,,They share a small laugh.
scene35,slugline,,"INT. PARKFIELD MEMORIAL HOSPITAL, ICU, NURSES' STATION NIGHT"
desc35.284,desc,,We follow Amy down the corridor as she makes her way to the handover. Charlie slows down to walk beside her.
utter35.285,utter,AMY,You guys have fun at the park?
desc35.286,desc,,Charlie shakes his head.
utter35.287,utter,CHARLIE,"Nope. She canceled. Moved it to the next weekend, she called just as I was about to pick the girls up..."
desc35.288,desc,,Amy looks at Charlie: sorry.
utter35.289,utter,CHARLIE (CONT'D),Don't worry about it. I half expected it.
desc35.290,desc,,"Vivian is waiting for Amy, looking worn out. AMY Where's Celina?"
utter35.291,utter,VIVIAN NEAL,"She had a family thing, I said I'd do her handover."
desc35.292,desc,,Vivian slides a bunch of files to Amy.
utter35.293,utter,VIVIAN NEAL (CONT'D),"310 expired, right at shift change."
desc35.294,desc,,Amy looks up sharply.
utter35.295,utter,Ana? AMY VIVIAN NEAL,"Yes, Mrs. Martinez. Don't ask, I don't know what happened. The husband was called. He's on his way."
desc35.296,desc,,Amy turns to Charlie. Ana died.
scene36,slugline,,AMY
desc36.297,desc,,Vivian turns to go back to business. Amy and Charlie are left stunned.
scene37,slugline,,"INT. PARKFIELD MEMORIAL HOSPITAL, ICU, ANA'S ROOM - NIGHT"
desc37.298,desc,,Eerily silent with the machines off. Ana is half naked on the bed. Doctors and nurses have clearly fought to save Ana's life. But they have lost that fight.
utter37.299,utter,AMY,I can't believe she's just been left like this?
desc37.300,desc,,Slowly and respectful Amy and Charlie start to clean Ana's body. For a while we just observe them. Then suddenly:
utter37.301,utter,CHARLIE,My mom died in a hospital...It was a long time ago... (MORE)
utter37.302,utter,CHARLIE (CONT'D),I was in high school a really long time ago. When I got there they'd lost her body...
utter37.303,utter,AMY,You're kidding?
utter37.304,utter,CHARLIE,"It was just for a couple of hours. But when they found her you know she was a total mess, naked, half covered... for the longest time that was how I thought about her... I'm sorry."
utter37.305,utter,AMY CHARLIE,"For me, this the important part, giving them some dignity-"
desc37.306,desc,,KNOCK-KNOCKVivian appears in the doorway.
utter37.307,utter,VIVIAN NEAL,"Mr. Martinez is out there. He says he'd really like to speak with you, Amy."
utter37.308,utter,CHARLIE,"Go, I'll look after her."
desc37.309,desc,,"She collects Ana's few belongings: a book, her wedding ring, all the little pieces of Ana that have been left, puts them in a plastic bag. Amy watches Charlie for a beat. Shocked by what he's been through. Charlie doesn't see."
scene38,slugline,,"INT. PARKFIELD MEMORIAL HOSPITAL, ICU, WAITING ROOM - NIGHT"
desc38.310,desc,,"Sam is in an empty patient room. Amy enters, we see them through the glass. Amy puts her arms around him. The old man breaks down crying. Amy takes her time. Holds him tight."
scene39,slugline,,"INT. PARKFIELD MEMORIAL HOSPITAL, ICU, ANA'S ROOM - NIGHT 29"
desc39.311,desc,,"Charlie is alone with the body. Washing her body. It is ritualistic. Every inch of her is tenderly cleaned. He gently puts a strap around her head to hold her jaw. Then holds her head in his hands. He moves to her ear lobes. And then he pinches them. Harder and harder, squeezing with all his might. Desperate for some sort of release. It never comes. His hands relax. A jagged breath slips out. Very carefully Charlie encloses Ana's face, her whole body is now immaculately mummified in cling film. He looks down at his work. Pleased."
scene40,slugline,,I/E. BALDWIN'S SEDAN / PARKFIELD MEMORIAL HOSPITAL - DAY
desc40.312,desc,,"DANNY BALDWIN, late 30s, African-American, built like a linebacker, drives. He looks pissed off. In the passenger seat is TIM BRAUN, late 40s, broad, athletic once, handsome in a worn-out way."
utter40.313,utter,DANNY BALDWIN,Give me the story again?
utter40.314,utter,TIM BRAUN,Suspicious death of Mrs. Martinez. Ana. Presented to emergency room with adverse reaction to Amoxicillin.
desc40.315,desc,,Baldwin is on the look for a parking spot.
utter40.316,utter,DANNY BALDWIN,So adverse reaction to some antibiotic. And then what?
utter40.317,utter,TIM BRAUN,They are not sure.
utter40.318,utter,DANNY BALDWIN,They don't know what killed her? No.
desc40.319,desc,,Braun shakes his head.
utter40.320,utter,DANNY BALDWIN,How old was she?
desc40.321,desc,,Baldwin stares at Braun: Seriously?
utter40.322,utter,DANNY BALDWIN,So why are we here?
desc40.323,desc,,Baldwin swings into a parking space.
scene41,slugline,,"EXT. PARKING GARAGE, ROOF - DAY"
desc41.324,desc,,Baldwin and Braun walk towards the hospital entrance. It's a huge structure.
scene42,slugline,,"INT. PARKFIELD MEMORIAL HOSPITAL, ADMIN CORRIDOR - MOMENTS"
desc42.325,desc,,LATER Braun and Baldwin follow an ASSISTANT down the marbled floor corridor.
desc42.326,desc,,The conference room is right this
desc42.327,desc,,"The corridor leads to a boardroom, one wall all glass, Braun and Baldwin can see people waiting inside: SIX WHITE MEN and ONE WOMAN. All clad in expensive suits, watching them. Baldwin's face hardens."
scene43,slugline,,"INT. PARKFIELD MEMORIAL HOSPITAL, BOARD ROOM - CONT."
desc43.328,desc,,"Mahogany and glass. No expense spared. FIVE BOARD MEMBERS are seated round the large table. A woman rises to greet the cops, this is LINDA GARRAN, 40s. Next to her is DUNCAN BEATTIE, 40s, smug, moneyed."
utter43.329,utter,LINDA GARRAN,"Detectives, Baldwin, Braun, hello, welcome. I'm Linda Garran, Risk Manager, this is Duncan Beattie, attorney, our board. You two might know Malcolm Burrel from the city council."
desc43.330,desc,,"MALCOLM BURREL, 60s, rotund, nods to them."
utter43.331,utter,MALCOLM BURREL,I'm a huge supporter of the local force and the District Attorney.
utter43.332,utter,TIM BRAUN,Nice to meet you allBaldwin smiles. And they sit.
utter43.333,utter,TIM BRAUN (CONT'D),"Well, we don't know much, just that there's been a deathLINDA GARRAN An unexplainable incident in which the patient expired."
utter43.334,utter,DANNY BALDWIN,Okay. Unexplainable? How?
utter43.335,utter,DUNCAN BEATTIE,"Well, it's the opinion of the medical experts that this was an unusual, adverse reaction to medications. But we found absolutely nothing to suggest this was intentional."
utter43.336,utter,TIM BRAUN,Then why call us?
utter43.337,utter,LINDA GARRAN,"We didn't think this was a police matter, but the Department of Health dictates when we should"
desc43.338,desc,,"reach out, and here we areShe stares at them, loathing hidden behind a polite smile. Braun takes notes: Department of Health."
utter43.339,utter,DANNY BALDWIN,What medications?
utter43.340,utter,LINDA GARRAN,"All are listedBaldwin doesn't wait to be invited, he leans forward and"
desc43.341,desc,,drags the files from the middle of the table.
utter43.342,utter,LINDA GARRAN (CONT'D),It's quite a complicated document.
desc43.343,desc,,He smiles at her.
utter43.344,utter,DANNY BALDWIN,I'll take my chances.
desc43.345,desc,,He starts to read. Linda throws a look at Malcolm Burrel and continues.
utter43.346,utter,LINDA GARRAN,If you turn to the third page you
desc43.347,desc,,can see the window in which Patient 1 had abnormal laboratory results and life threatening symptomsBaldwins finds the passage and reads.
utter43.348,utter,TIM BRAUN,Where's Mrs. Martinez's body?
utter43.349,utter,LINDA GARRAN,Released to the family.
utter43.350,utter,TIM BRAUN,They got a lawsuit together?
utter43.351,utter,LINDA GARRAN,We don't believe the family are aware of the unusual circumstances
desc43.352,desc,,around Patient 1's expiration.
utter43.353,utter,TIM BRAUN,Isn't that something you should have disclosed to them?
desc43.354,desc,,Duncan Beattie leans in.
utter43.355,utter,DUNCAN BEATTIE,It was an evolving situation. Parkfield rightly sought legal council to make sure everything was done correctly.
desc43.356,desc,,Baldwin looks up from the pages.
utter43.357,utter,TIM BRAUN,"Okay. Mrs. Martinez's body is where, how do we get it?"
utter43.358,utter,LINDA GARRAN,It's our understanding the family have cremated her.
desc43.359,desc,,Baldwin and Braun stare at them: What?
utter43.360,utter,DANNY BALDWIN,When did she die?
utter43.361,utter,LINDA GARRAN,Seven weeks ago. (beat) (MORE)
utter43.362,utter,LINDA GARRAN (CONT'D),We were conducting an internal investigation. Hence the lag.
desc43.363,desc,,Baldwin and Braun's faces harden. Baldwin starts to read again. Braun leans forward. -- There is a few things he doesn't
desc43.364,desc,,Linda Garran looks to Duncan Beattie for help. Doesn't get it though.
utter43.365,utter,TIM BRAUN,Okay... of course we will need to interview all of the staff that work in the ICU.
scene44,slugline,,"INT. AMY'S HOUSE, LIVING ROOM - DAY"
desc44.366,desc,,Alex is standing in the middle of the living room on a chair. Charlie and Maya are the audience on the couch.
utter44.367,utter,ALEX,"Make way, make way, I am an important person of the town. In fact I am the most important person of the town, if not the most important person West of the Pecos."
utter44.368,utter,CHARLIE,(reading) Wherever that is...
utter44.369,utter,ALEX,I am the mayor of Humdrum Falls.
utter44.370,utter,CHARLIE,(reading) What do you do?
utter44.371,utter,ALEX,Do? I don't do anything. I'm the mayor.
desc44.372,desc,,Charlie laughs.
utter44.373,utter,CHARLIE,"(reading) Well, you'll have to do something now. This may be just a one-horse town without the horse but it has been invaded by aliens."
utter44.374,utter,ALEX,"I'll have to look it up in my book of ""How to be Mayor""."
desc44.375,desc,,Alex mimes opening a book.
utter44.376,utter,ALEX (CONT'D),One - You get to wear a fancy chain. Two - You get driven around in a big car by your very own chauffeur. Three...
desc44.377,desc,,Alex's eyes widen a little with panic. Her mind blanks.
scene45,slugline,,ALEX (CONT'D)
desc45.378,desc,,"Amy looks over at her daughter: you know it. But alarm begins to flow into Alex's face. Charlie and Maya mimic eating. Nom, nom."
desc45.379,desc,,Charlie hands Alex over the pages. Alex reads furiously. Her hands are shaking.
utter45.380,utter,ALEX,Three - You get to eat and drink for free. (beat) I will never get this part.
utter45.381,utter,AMY,"Don't get frustrated, honey."
utter45.382,utter,CHARLIE,Don't worry. Of course you will. You are great.
utter45.383,utter,ALEX,"No. And the teacher said that I should wear a suit, and have a mustache. Dress like a man because I'm the mayor. He said a girl mayor would be weird."
utter45.384,utter,CHARLIE,Women can be mayors.
utter45.385,utter,ALEX,"I told him that, but..."
utter45.386,utter,AMY,The play is about an alien invasion and the female mayor is the weird thing?!
utter45.387,utter,CHARLIE,Screw that guy!
desc45.388,desc,,Alex and Maya laughs. Charlie cringes: Sorry. They all laugh. And then we hear Jackie arrive.
utter45.389,utter,JACKIE (O.S.),Hi... I am here. Jackie!
desc45.390,desc,,The smiles on Alex face disappears.
utter45.391,utter,ALEX,No don't go yet.
utter45.392,utter,AMY,Sorry kiddo. Come here.
desc45.393,desc,,He stands.
utter45.394,utter,CHARLIE (CONT'D),Take my hands. She does.
utter45.395,utter,CHARLIE (CONT'D),Repeat after me. I am the Mayor of Humdrum Falls.
utter45.396,utter,ALEX,I am the Mayor of Humdrum Falls.
utter45.397,utter,CHARLIE / ALEX,I AM THE MAYOR OF HUMDRUM FALLS!
desc45.398,desc,,"They repeat it together over and over, louder and louder. Amy smiles."
scene46,slugline,,"INT. POLICE STATION, BALDWIN'S DESK - AFTERNOON"
desc46.399,desc,,"Braun places a cup of coffee on Baldwin's desk. TIM BRAUN Cream and two sugars. A medical dictionary is on Baldwin's lap, Ana's file on his desk. He painstakingly attempts to decipher the file. Braun appears behind him."
utter46.400,utter,DANNY BALDWIN,Have they sent over their internal investigation?
utter46.401,utter,TIM BRAUN,Not yet. They told me they need more time to compile all the relevant files.
utter46.402,utter,DANNY BALDWIN,You'd think seven weeks was enough of a head start...
utter46.403,utter,TIM BRAUN,You'd think... You want me to go through the staff?
utter46.404,utter,DANNY BALDWIN,Already did. One of the nurses had a criminal trespass charge over in PennsylvaniaA nurse?
desc46.405,desc,,Male nurse. Charles Cullen. C-U-L-LE-N.
desc46.406,desc,,Baldwin hesitates.
utter46.407,utter,DANNY BALDWIN,A while back... Eight years.
utter46.408,utter,TIM BRAUN,What district in Pennsylvania picked up Cullen? Palmer.
desc46.409,desc,,"Braun picks up the phone, dials. A woman's voice crackles down the line, we can't hear what she says."
utter46.410,utter,TIM BRAUN,"Hello Ma'am, I'm Detective Braun with homicide at the County Prosecutors Office over in New Jersey... I need some background on a guy you picked up there in '95, would you pull the case jacket for me, please? Charles Cullen."
desc46.411,desc,,Braun listens down the line. Baldwin looks at him: what?
utter46.412,utter,TIM BRAUN (CONT'D),She says there's a post-it note on the cover but she's not sure if it's meant to be there. Dig ocean?
desc46.413,desc,,Braun looks at him: give me a minute.
utter46.414,utter,TIM BRAUN (CONT'D),She doesn't know the word digoxin? Can you spell it?
desc46.415,desc,,Braun looks at Baldwin and signals that he wants him to write
utter46.416,utter,TIM BRAUN (CONT'D),What is that a medicine or something?
desc46.417,desc,,Baldwin looks at the letters. As Braun wraps up the call.
utter46.418,utter,TIM BRAUN (CONT'D),"You got anything else on him? (listens, then to Baldwin) Picked up for trespassing and harassment in '95... Says he slashed a co-worker's tires after they broke up. Charges dropped. (into phone) Okay, thanks so much."
desc46.419,desc,,Braun hangs up.
utter46.420,utter,DANNY BALDWIN,"Something's not right. Parkfield wait almost two months to report it, an internal investigation you don't want to share, expensive lawyers..."
desc46.421,desc,,Tim Braun sighs.
utter46.422,utter,TIM BRAUN,What possible reason could they have for covering up a death? What are the motives?
utter46.423,utter,DANNY BALDWIN,"It's a business. There's no bigger motivation than money when it comes to that shit, right?"
scene47,slugline,,"INT. PARKFIELD MEMORIAL HOSPITAL, CONFERENCE CENTER - DAY"
desc47.424,desc,,"Linda Garran stands by a little podium reading some papers. Prepares for something. She looks nervous. A large conference room, packed out with the hospital staff. Amy and Charlie stand at the back. Coffee and a buffet of expensive breakfast food has been pillaged. Most of the staff are gorging themselves in their seats, Charlie included."
utter47.425,utter,LINDA GARRAN,"Hello- You can keep eating, we won't take up too much of your time. We just want to make you aware of an event the hospital is looking into. We want to assure you all that the board and I are dealing with the incident and everything connected to it. But we thought it best to bring you all together and make everyone universally aware that the police are also involved."
desc47.426,desc,,"This news pulses through the room. Everyone quiets, their attention focuses in on Garran. Everyone except Charlie who keeps eating. A couple of hands go up to ask questions."
desc47.427,desc,,What is this about?
utter47.428,utter,LINDA GARRAN,There has been an issue with a patient's death in the ICU.
utter47.429,utter,DOCTOR MOORE,"Was the death suspicious, I mean if the police are investigating?"
utter47.430,utter,LINDA GARRAN,"I just want to be clear, we are investigating, with the assistance of the local police."
utter47.431,utter,AMY,(to Charlie) Do you know which patient they are talking about? No.
utter47.432,utter,CHARLIE LINDA GARRAN,But due to the fact outside investigation is involved our attorney Mr. Beattie is here and has a few things to say as well.
utter47.433,utter,DUNCAN BEATTIE,"Thanks. Yes I just want to say I will be discussing with each of you individually but as a blanket statement to all I just want to say that in times like this, patient confidentiality has to be an absolute priority. Your individual contracts are very precise when it comes to this. Anyone speaking to the police without a representative"
scene48,slugline,,of the hospital present would be in
desc48.434,desc,,breach of their contractConcern etches across Amy's face. Next to her Charlie looks empty. Like he isn't even there. Amy doesn't notice.
utter48.435,utter,LINDA GARRAN,"At the end of the day Mr. Beattie and I are here for you. We want to be present at any interviews, because we have your best interests at heart."
scene49,slugline,,"INT. POLICE STATION, OFFICE - AFTERNOON"
utter49.436,utter,PROSECUTOR ELLIS,You'll have full access but she's going to be in the room.
utter49.437,utter,DANNY BALDWIN,No. Absolutely not. She can't be in there!
desc49.438,desc,,"PROSECUTOR ELLIS, 30s, ambitious and clean cut stands facing the brunt of Baldwin's wrath. He smiles, it doesn't reach his eyes."
utter49.439,utter,PROSECUTOR ELLIS,That lady is the risk manager. It's her job to be there.
utter49.440,utter,DANNY BALDWIN,"No one will talk, if their fucking boss sits in on the interviews."
utter49.441,utter,PROSECUTOR ELLIS,We don't even know what happened. We don't even have a body. The only condition they asked for is that she be in the room and you don't talk specific about medications.
desc49.442,desc,,"Baldwin can see Braun is about to attack, he sits back and lets it happen."
utter49.443,utter,TIM BRAUN,"I get them asking for it, but why the fuck did you give it to them? You're supposed to be the prosecutor..."
desc49.444,desc,,"Baldwin looks at Braun, he shuts up."
utter49.445,utter,PROSECUTOR ELLIS,Far as I can see they're cooperating fully with your investigation.
desc49.446,desc,,"Baldwin laughs, a harsh bark."
utter49.447,utter,DANNY BALDWIN,This is all we have! Is this cooperation?
desc49.448,desc,,Baldwin brandishes a thin green file.
utter49.449,utter,PROSECUTOR ELLIS,"Oh. They told me about that, they're getting all the documents pooled, it's done. They are sending it over first thing."
utter49.450,utter,DANNY BALDWIN,Then I gotta ask. Why would Parkfield conduct an internal
utter49.451,utter,investigation- A seven week,investigation... (MORE)
utter49.452,utter,DANNY BALDWIN (CONT'D),"Why would they do that, then call us in, and put her in the room if it was nothing?"
utter49.453,utter,PROSECUTOR ELLIS,Due diligence.
desc49.454,desc,,Braun's eyes flair.
utter49.455,utter,PROSECUTOR ELLIS (CONT'D),I'm shutting it down. She's in the room. Done.
scene50,slugline,,"INT. PARKFIELD MEMORIAL HOSPITAL, ADMIN CORRIDOR - DAY"
desc50.456,desc,,"Amy, dressed in her own clothes, is standing in the corridor, in front of Linda Garran's office, waiting. Now one of her coworkers exits the office. She looks upset. Nods to Amy and hurries away. Amy looks after her as she disappears down the hall. Amy waits for a while then... Hi Amy."
scene51,slugline,,LINDA GARRAN (O.S.)
desc51.457,desc,,Amy turns and finds Linda Garran smiling in the doorway.
scene52,slugline,,"INT. PARKFIELD MEMORIAL HOSPITAL, BOARDROOM - DAY"
desc52.458,desc,,"Baldwin and Braun on one side of the table. Linda Garran, clearly nervous, on the other side. They all watch Amy as she drops into a chair."
utter52.459,utter,LINDA GARRAN,Nurse Loughren. Thank you so much for coming in. This is Officers
desc52.460,desc,,Braun and Baldwin.
utter52.461,utter,AMY,What's this about?
utter52.462,utter,LINDA GARRAN,"It's just a few informal questions, the officers are speaking to a"
scene53,slugline,,number of staff in the ICU.
desc53.463,desc,,Amy sits.
utter53.464,utter,TIM BRAUN,Do you remember Ana Martinez?
utter53.465,utter,AMY,"Ana, yeah. She was my patient."
utter53.466,utter,TIM BRAUN,Do you recall anything odd about what happened to her? Odd?
desc53.467,desc,,She died.
desc53.468,desc,,Amy nods.
utter53.469,utter,AMY,Yeah. It was sad. It was sudden.
desc53.470,desc,,Sudden?
utter53.471,utter,DANNY BALDWIN AMY,Well. People die in the ICU. But we didn't expect it.
desc53.472,desc,,A knock on the door. Linda's assistant enters.
utter53.473,utter,ASSISTANT,I don't mean to interrupt but can I see you for a minute.
desc53.474,desc,,Linda gets up.
utter53.475,utter,LINDA GARRAN,Excuse me. I will be right back.
desc53.476,desc,,Linda leaves. And out of nowhere Baldwin slides his green file to Amy. Baldwin and Braun look at each other. They both know that this is prohibited. Braun nods. Let's go!
utter53.477,utter,DANNY BALDWIN,Do you see any deviations here?
desc53.478,desc,,"Amy opens the chart scans back and forth, her eyes fix on something."
utter53.479,utter,AMY,"Yeah, her glucose."
desc53.480,desc,,Amy can't believe what she is reading.
utter53.481,utter,AMY (CONT'D),Her blood sugar is wrong- and there's no C-Peps. Huh.
desc53.482,desc,,Braun looks nervous to the door.
utter53.483,utter,DANNY BALDWIN,What does that mean?
utter53.484,utter,AMY,"The insulin in her system wasn't made in the body, it was given to her..."
desc53.485,desc,,She flips through the chart again.
utter53.486,utter,DANNY BALDWIN,You can tell from that she was given insulin?
utter53.487,utter,AMY,"Well, it's not listed... and she wasn't diabetic so insulin would be a double medication error. Which is really rareAmy looks up."
utter53.488,utter,DANNY BALDWIN,A double medication error is rare?
desc53.489,desc,,Amy flaps a little.
utter53.490,utter,DANNY BALDWIN (CONT'D),Would that have killed her? Sure.
scene54,slugline,,AMY
desc54.491,desc,,"Braun leans forward, grabs the chart and closes it. And then Linda Garran is back. Amy gets it. And stops talking. Linda Garran sits."
utter54.492,utter,LINDA GARRAN,I am sorry. Where were we?
desc54.493,desc,,Braun smiles at Amy and changes the subject.
utter54.494,utter,TIM BRAUN,What can you tell me about your coworkers?
desc54.495,desc,,Amy waits for permission to speak. Braun can see it.
utter54.496,utter,TIM BRAUN (CONT'D),"You don't mind if she answers a question about a colleague, do you Ms. Garran? Garran's lips are a thin line."
utter54.497,utter,LINDA GARRAN,Of course not.
utter54.498,utter,DANNY BALDWIN,We understand that you work with a
utter54.499,utter,Charlie Cullen.,Yeah?
utter54.500,utter,AMY DANNY BALDWIN,Could he be involved in this?
desc54.501,desc,,Amy stares at him incredulously.
utter54.502,utter,LINDA GARRAN,I think we are jumping to conclusions here officer.
utter54.503,utter,AMY,Charlie wasn't even there when Ana died. She died on the day shift. Charlie and I work nights.
desc54.504,desc,,Amy looks at Linda. Angry.
utter54.505,utter,LINDA GARRAN,We have absolutely no reasons to suspect this was anything other than an accident. Thank you Amy.
desc54.506,desc,,"Amy sees she is dismissed, she heads to the door."
utter54.507,utter,AMY,"I know Charlie really well, I work with him every shift. He's a good nurse. He wouldn't have made a mistake like that."
desc54.508,desc,,"Baldwin stares at her, appraising. Garran won't look at her."
utter54.509,utter,LINDA GARRAN,"Thank you, Amy."
desc54.510,desc,,Amy leaves. Garran is left alone with Baldwin and Braun. The silence is icy. After a long beat Garran stands. Before she can leave.
utter54.511,utter,DANNY BALDWIN,Where's your internal investigation?
utter54.512,utter,LINDA GARRAN,We're still reviewing everything.
desc54.513,desc,,Garran sighs.
utter54.514,utter,TIM BRAUN,We don't need you to review it. We want it as it is.
utter54.515,utter,LINDA GARRAN,I'll instruct the team to send you the boxes tomorrow. (beat) But I hope you can deduce that it's been a tough seven weeks for us.
utter54.516,utter,DANNY BALDWIN,Eight. It's been eight weeks.
desc54.517,desc,,Linda looks in her papers.
scene55,slugline,,"INT. PARKFIELD MEMORIAL HOSPITAL, ICU, JACK'S ROOM - LATER"
desc55.518,desc,,"Monitors flash and alarms squeal. JACK, 30, is coding. The room is full. Amy is performing CPR, she's covered in sweat. Struggling to keep going. Doctor Peters and several other residents bustle around, all eyes are on Jack, on his monitors. Her breathing is going. She pants in breaths. She's slowly drowning but she doesn't stop. Charlie appears at the doorway. Amy and he lock eyes: help! AMY Swap in 5, 4, 3, 2, Amy drops away and a NURSE seamlessly takes over the compressions. She struggles to catch her breath. To control her heart. She can't. Unsteady on her feet she moves outside and to the nurses' station. Charlie moves to her."
utter55.519,utter,DOCTOR PETERS,"Hold compressions, check for a rhythm."
scene56,slugline,,"INT. PARKFIELD MEMORIAL HOSPITAL, ICU, CORRIDOR - CONT."
desc56.520,desc,,"The sounds of Jack's heart monitors follows Amy down the hall. He's alive, but only just. She holds two fingers to her throat, taking her own heart rate. She can hear Dr. Peters, still working Jack."
utter56.521,utter,DOCTOR PETERS (O.S.),"Can we get a full cardio panel done, someone find out why the hell he coded?"
desc56.522,desc,,"Amy drops to the floor at the nurses' station, her breath is jagged, painful. She drags in shallow gasps. Charlie is with her."
utter56.523,utter,CHARLIE,(Sotto) Are you having arrhythmia?
desc56.524,desc,,"She nods. Charlie disappears for a beat. He types his SECURITY CODE into the computer and then returns with a STOTALOL TABLET. Amy looks up at him, shocked, afraid, desperate."
utter56.525,utter,CHARLIE (CONT'D),It's okay. Take this.
desc56.526,desc,,"Staff starts to empty out of Jack's room. Amy takes the pills, gulping them down with water. A beat. Amy's breathing has evened out, she looks drowsy, the meds have taken hold. Charlie is watching her, concerned."
utter56.527,utter,AMY,You'll get fired.
utter56.528,utter,CHARLIE,"There's a fault in the Pyxis, if you cancel a request late enough it opens anyway."
desc56.529,desc,,Amy looks uneasy.
utter56.530,utter,AMY,It's stealing meds.
utter56.531,utter,CHARLIE,"Amy, it's ok. Don't worry. I'm going to help you through this."
scene57,slugline,,"INT. DR. HIND'S OFFICE, WAITING ROOM - LATER"
desc57.532,desc,,"Amy drags her exhausted body into the waiting room. She looks utterly depleted. Charlie bolts up from his chair, he smiles at her, full of care. He sees her expression, his shoulders drop, he knows it's bad."
utter57.533,utter,CHARLIE,What'd he say?
scene58,slugline,,I/E. CHARLIE'S CAR / DR. HIND'S OFFICE - DAY
desc58.534,desc,,"Amy is in the passenger seat, she's very quiet. Charlie is in the driver seat. Amy looks utterly devoid of hope."
utter58.535,utter,CHARLIE,I think he is right. I think you need to tell Alex.
desc58.536,desc,,"She shrugs, trying to bury some torrent. Trying to stay clam."
utter58.537,utter,CHARLIE (CONT'D),Just in case something happens and I'm not there.
desc58.538,desc,,"Her eyes go, anguish wracks her body."
utter58.539,utter,AMY,They don't have anyone else. I can't leave them.
utter58.540,utter,CHARLIE,You're not leaving them. That's not happening. It's only two months. We will make it. I'll help you do this and then you'll get your surgery and you'll be here with your girls. That's what's gonna happen... but I
desc58.541,desc,,think you should tell Alex. Amy looks at him. He is right. There is no way around it.
scene59,slugline,,EXT. AMY'S BACKYARD - AFTERNOON
desc59.542,desc,,"An imaginary tea party is set up, A well-loved teddy bear sits in front of a plastic cup and saucer, the cup is filled with bits of grass. Maya pours water from a teapot on top, and lets it steep. She pops a chicken nugget into her mouth and then offers one to Teddy, he's too full, she eats it herself."
scene60,slugline,,"INT. AMY'S HOUSE, KITCHEN - AFTERNOON"
desc60.543,desc,,"Through the window we can see Maya in the backyard, in her own world. Alex is sitting by the dining table. Her face does not reveal a single emotion. McDonald's meals lay half devoured and scattered in front of her. Amy is sitting next to Alex. Charlie watches from his chair on the other side of the table. Empathetic and caring."
utter60.544,utter,AMY,I get that sounds scary but it's really not.
desc60.545,desc,,"Alex is quiet. Amy can feel everything getting away from her, she looks at Charlie: help."
utter60.546,utter,CHARLIE,"All our hearts, they have two ventricles, which are just little spaces, like balloons, and they fill with blood and move it around the body."
utter60.547,utter,AMY,And in my heart they have got a bit too big and they've got thinner. But I am going to be okay. I have medicine and I have doctors helping me. So I will be well again soon.
utter60.548,utter,CHARLIE,"But, you and I need to help. And if"
desc60.549,desc,,she falls over or if she starts
desc60.550,desc,,Amy is watching Alex carefully. The horror in her daughter's eyes is not lost on her.
utter60.551,utter,CHARLIE (CONT'D),You just put Maya in front of the TV and call 911 and then call me.
desc60.552,desc,,Alex doesn't respond.
utter60.553,utter,AMY,"It's not going to happen. Honey, I am going to be okay..."
desc60.554,desc,,"A beat. Alex nods, very small."
utter60.555,utter,ALEX,Can I just go watch some TV?
desc60.556,desc,,Alex is fighting to keep her pokerface.
utter60.557,utter,AMY,"Okay, yeah, watch TV, do anything you want. I'll be here. We'll be here."
desc60.558,desc,,Alex rises and heads to her room. Amy and Charlie share a look.
scene61,slugline,,"INT. POLICE STATION, PIT - MORNING"
desc61.559,desc,,Braun looks exhausted as he reclines in his chair. Four names have been crossed off the hospital list in front of him. Baldwin sits across from him.
utter61.560,utter,TIM BRAUN,"Charles Cullen. H.R. (TELEPHONE) Okay, give me a sec while I pull up his records..."
utter61.561,utter,TIM BRAUN,"Great, thanks."
desc61.562,desc,,Braun listens to the clattering of keys.
utter61.563,utter,H.R. (TELEPHONE),Huh... I just need to check something with my boss. Sure.
desc61.564,desc,,Soft music tinkles.
utter61.565,utter,TIM BRAUN MARK ROSSI (TELEPHONE),-Detective?
utter61.566,utter,TIM BRAUN,Braun. Hello. And you are?
utter61.567,utter,MARK ROSSI (TELEPHONE),"Mark Rossi, attorney for St. Aloysius Hospital Group."
utter61.568,utter,TIM BRAUN,"Mr. Rossi, I am hoping you can help, I'm tying to find out some information on one of your former employees from '96. Charles CullenMARK ROSSI (TELEPHONE) Our employee data is treated with strict confidentiality."
utter61.569,utter,TIM BRAUN,I'm only looking to confirm his dates of employment. Nothing much more.
utter61.570,utter,MARK ROSSI (TELEPHONE),We'd be happy to release the relevant information as soon as we see your subpoena.
utter61.571,utter,TIM BRAUN,"Okay, thank you so much."
desc61.572,desc,,Braun hangs up.
utter61.573,utter,TIM BRAUN (CONT'D),(to Baldwin) This is a fucking joke. Whenever they hear his name no one wants to say anything.
desc61.574,desc,,"A MESSENGER walks through from the front. Baldwin stands, heads straight for him."
utter61.575,utter,MESSENGER Detective Baldwin?,Yeah.
utter61.576,utter,DANNY BALDWIN MESSENGER,It's from Parkfield Memorial Hospital. Just need you to sign here.
utter61.577,utter,DANNY BALDWIN,(to Braun) It's the internal investigation.
desc61.578,desc,,Messenger holds a clipboard up for Baldwin to sign.
utter61.579,utter,DANNY BALDWIN (CONT'D),You want a hand with the boxes?
desc61.580,desc,,It's just thisHe hands over a thin brown envelope and disappears. Baldwin tears it open: six pages. He scans through them. Braun joins him. Anger flares in Baldwin.
scene62,slugline,,"INT. PARKFIELD MEMORIAL HOSPITAL, LINDA GARRAN'S OFFICE - DAY"
utter62.581,utter,DANNY BALDWIN,"Thank you so much for seeing me. Smaller than you'd imagine, with a view of the staff car lot."
desc62.582,desc,,A nursing degree hangs proudly on the wall. Garran sits behind her desk. Baldwin in front of her. Struggling to keep it cool.
utter62.583,utter,LINDA GARRAN,Anything to help wrap this up.
utter62.584,utter,DANNY BALDWIN,"I got a couple of questions, this pixie reportPYXIS."
utter62.585,utter,LINDA GARRAN DANNY BALDWIN,That's right. You've got all the drug withdrawals for all the nurses on it?
utter62.586,utter,LINDA GARRAN,That's correct.
utter62.587,utter,DANNY BALDWIN,"We've only got a short window around Ana's expiration, I was hoping I could get the full report."
utter62.588,utter,LINDA GARRAN,I'm told it only stores the information for four weeks.
desc62.589,desc,,She smiles.
utter62.590,utter,DANNY BALDWIN,You never got a copy of them during the internal investigation?
utter62.591,utter,LINDA GARRAN,"I don't believe we did. I mean I can and will check, but everything we had was sent to you."
desc62.592,desc,,Baldwin holds up a page.
utter62.593,utter,DANNY BALDWIN,"See this says page nine, which makes me think there's at least pages 1 to 8 kicking around in here?"
utter62.594,utter,LINDA GARRAN,Hmmm. I'll be sure to look into it.
desc62.595,desc,,Baldwin is losing the control he's got on his anger.
utter62.596,utter,DANNY BALDWIN,"Nurse Garran, it's looking a lot like you are withholding some evidence here."
utter62.597,utter,LINDA GARRAN,I'm not sure I followDANNY BALDWIN Six pages. Where's the rest of it?
desc62.598,desc,,A beat. Garran stands.
utter62.599,utter,LINDA GARRAN,I'm sorry I have another appointment I can't shift.
utter62.600,utter,BALDWIN,I am not done.
utter62.601,utter,LINDA GARRAN,I will reschedule with your office. Sit down.
desc62.602,desc,,Excuse me?
desc62.603,desc,,Baldwin stands up.
utter62.604,utter,DANNY BALDWIN,SIT THE FUCK DOWN.
desc62.605,desc,,Baldwin looks furious. She sits. He calms himself...
utter62.606,utter,BALDWIN,You know exactly what you're doing.
desc62.607,desc,,...and leaves.
scene63,slugline,,"INT. PARKFIELD MEMORIAL HOSPITAL, ICU, KELLY'S ROOM - NIGHT"
desc63.608,desc,,"KELLY ANDERSON, 33, lies in bed jaundiced, her stomach and legs are distended and swollen. Badly banged up from a car accident. Bruises ripen under the collar of her gown and garnish her face, they are the least of her problems. Her husband TOM ANDERSON sits at her bedside, their six-monthold daughter VANESSA is asleep, cradled in his arms. Amy pushes her cart in, she blinks at Tom and the baby. He stands, gets ready to leave. Kelly's eyes well."
utter63.609,utter,TOM ANDERSON,Sorry. I know we're not supposed to have babies in here but I didn't have anyone else I could leave her
desc63.610,desc,,withAmy motions for them to sit. She closes in on Vanessa.
utter63.611,utter,AMY,What's her name?
desc63.612,desc,,Vanessa.
utter63.613,utter,TOM ANDERSON KELLY ANDERSON,Nessie... Messy Nessie.
desc63.614,desc,,Tom and Kelly beam with pride. Amy turns to Kelly.
utter63.615,utter,AMY,Messy Nessie! Well I have two girls so I hear that. How old is she?
desc63.616,desc,,"Amy preps, washing her hands, putting on gloves, putting together her wound cleaning tray. She pulls open medical packets and swivels a long needle under Kelly's skin, we can see it moving beneath the surface. Kelly winces with the pain but doesn't say anything."
utter63.617,utter,KELLY ANDERSON,Six months.
utter63.618,utter,AMY,She sleeping through the night yet?
utter63.619,utter,KELLY ANDERSON,(Painfully laughs) No...
utter63.620,utter,AMY,She must be teething. Oh yeah.
desc63.621,desc,,"Charlie walks in, the picture of professionalism."
utter63.622,utter,CHARLIE,"Nurse Loughren, it's not urgent but there's a code purple in 300."
desc63.623,desc,,Amy smiles at him and Charlie heads off.
utter63.624,utter,TOM ANDERSON,What's a code purple?
utter63.625,utter,AMY,It means pizza has arrived. You want a slice?
desc63.626,desc,,Kelly looks at her husband.
utter63.627,utter,TOM ANDERSON,I can't say no to pizza. You can't!
desc63.628,desc,,Amy removes a bandage over Kelly's throat.
utter63.629,utter,AMY (CONT'D),"Unfortunately, you are going to have to say no to pizza. Okay..."
utter63.630,utter,KELLY ANDERSON AMY,But you are healing nicely and you will be holding Vanessa in no time.
scene64,slugline,,"INT. PARKFIELD MEMORIAL HOSPITAL, NURSES' STATION - LATER"
desc64.631,desc,,"Amy and Charlie sit chewing, a couple of slices are covertly hidden under the desk. Amy's eyes droop as she picks up another slice. Charlie slides his cup of cola over to her. She takes a gulp. Both their eyes flick to the bank of monitors."
utter64.632,utter,CHARLIE,She told me to go fuck myself 15 times on the phone.
utter64.633,utter,AMY,Oh my god. That's not nice.
utter64.634,utter,CHARLIE,I haven't even told you the best part yet. (beat) Now to prevent me from seeing the girls she has made up this story about me being mean to her dog and... It just gets better and better...
desc64.635,desc,,He laughs.
utter64.636,utter,CHARLIE (CONT'D),It would be hilarious if it wasn't true.
utter64.637,utter,AMY,I'm sorry Charlie.
utter64.638,utter,CHARLIE,Yeah. Well. What can you do? I mean it's my fault I picked a crazy.
desc64.639,desc,,He smiles. She returns it. But clearly feels bad for him. Charlie opens some charts and start reading.
scene65,slugline,,"INT. AMY'S HOUSE, LIVING ROOM - MORNING"
desc65.640,desc,,Amy is in the couch with the girls doing Maya's hair while Alex lies with her head in Amy's lap. - It's a nice morning. Cozy and safe. After a while Jackie pops in.
utter65.641,utter,JACKIE,2 minutes girls.
desc65.642,desc,,Alex and Amy look at each other. Amy rolls her eyes. Alex grins.
utter65.643,utter,ALEX,I wish we could stay home. Me too...
scene66,slugline,,"AMY INT. POLICE STATION, PIT - NIGHT"
desc66.644,desc,,Baldwin sits across from Braun.
utter66.645,utter,TIM BRAUN,"What else was in it, anything new?"
utter66.646,utter,DANNY BALDWIN,A list of all the medications that were in Ana Martinez's system. Insulin?
utter66.647,utter,TIM BRAUN DANNY BALDWIN,Yeah and another one - get this He pulls out his notebook.
utter66.648,utter,DANNY BALDWIN (CONT'D),Dig-O-X-I-N.
desc66.649,desc,,Braun looks at Baldwin: shit.
desc66.650,desc,,"SAM JOHNSON, 50s, storms over from his office, clearly not happy."
utter66.651,utter,SAM JOHNSON (CONT'D),What the hell were you thinking? Screaming at her? Malcolm Burrel from City Council just called.
utter66.652,utter,TIM BRAUN,Danny will be happy to apologize to Mrs. Garran.
desc66.653,desc,,Baldwin looks at Braun: He will not be happy to.
utter66.654,utter,SAM JOHNSON,Too late. You're both banned from hospital property. What??
utter66.655,utter,DANNY BALDWIN TIM BRAUN,They can't ban us from the scene of a crime we're investigating.
utter66.656,utter,SAM JOHNSON,What crime? Homicide.
utter66.657,utter,TIM BRAUN SAM JOHNSON,What have you got to back that up?
utter66.658,utter,DANNY BALDWIN,"The files, and an interview with a nurse who was certain the victim was given insulin."
utter66.659,utter,SAM JOHNSON,You don't have a victim.
utter66.660,utter,DANNY BALDWIN,Ana Martinez is the victim.
utter66.661,utter,SAM JOHNSON,"But you don't have a body... No body, no autopsy... you know how this works?"
desc66.662,desc,,Johnson exits. Braun and Baldwin are left.
utter66.663,utter,DANNY BALDWIN,Banned form the fucking hospital.
scene67,slugline,,"INT. PARKFIELD MEMORIAL HOSPITAL, ICU, KELLY'S ROOM - NIGHT"
desc67.664,desc,,"Amy enters, she picks up Kelly's dinner tray and moves it to the counter."
utter67.665,utter,AMY,"Hey Kelly, how's it going?"
desc67.666,desc,,"Kelly lies prone on the bed, she stares straight up. A collection of IV drips are slowly pouring into her arms. Sweat glistens on her forehead. She looks pale and clammy."
utter67.667,utter,AMY (CONT'D),Tom called in to check on you. I cannot get over how cute Vanessa is.
desc67.668,desc,,She looks at Amy queerly.
utter67.669,utter,KELLY ANDERSON,Who's Vanessa?
desc67.670,desc,,"Amy notices something is wrong, she pulls on some gloves."
utter67.671,utter,AMY,"Kelly, do you know where you are right now? Beat."
utter67.672,utter,AMY (CONT'D),I need you to answer hun...
utter67.673,utter,KELLY ANDERSON,I am at the hospital.
utter67.674,utter,AMY Which hospital?,Beat.
utter67.675,utter,AMY (CONT'D),Can you squeeze my hands?
desc67.676,desc,,Amy flashes a pen light in Kelly's eye.
scene68,slugline,,AMY (CONT'D)
desc68.677,desc,,"Amy takes both her hands, they hang loosely in her grasp."
utter68.678,utter,KELLY ANDERSON,Has Tom come by?
utter68.679,utter,AMY,He called in to check on you.
desc68.680,desc,,Kelly looks at her dumbly.
scene69,slugline,,AMY (CONT'D)
desc69.681,desc,,"Amy looks at Kelly's monitor, she doesn't like what she sees."
scene70,slugline,,"INT. PARKFIELD MEMORIAL HOSPITAL, ICU, NURSES' STATION NIGHT"
desc70.682,desc,,"Amy is looping through Kelly's labs, the phone is in the crook of her neck, ringing and ringing, at last someone picks up, in the background she can hear a baby crying."
utter70.683,utter,AMY,"Hey Tom, I think you should come in... there's been a change over night. If you can, you should come by... Sooner rather than later."
desc70.684,desc,,"Amy hangs up. Across the corridor she can see into Kelly's room. It's full of doctors and residents. Charlie moves along the ward, watching all the other patients."
utter70.685,utter,CHARLIE,"Hugh pushed his call button, but I got him for you, so don't worry."
desc70.686,desc,,"Amy isn't listening, her eyes are stuck on something in the"
desc70.687,desc,,CHARLIE
scene71,slugline,,AMY
desc71.688,desc,,"She has insulin in her system. Amy holds up the c-pep report. Before Charlie can look at itThe code alarm wails. Amy and Charlie jump to actionINT. PARKFIELD MEMORIAL HOSPITAL, ICU, KELLY'S ROOM - NIGHT Amy is alone. Sweat has plastered her hair to her forehead. She's fought a hard fight. Kelly lies half-naked on the bed. Dead. All the machines are off. Silent without the ambient noise of the vents and the beeps. Amy carefully pulls the vent from Kelly's throat, she tapes her gaping mouth shut. Behind her someone darkens the doorway. Amy turns to see Tom, Vanessa in his arms. He's out of breath. He ran here. Everything about him is tinged with defiant disbelief. Then he looks by Amy to see the dead body of his young wife. Amy watches as his world implodes. His eyes are filling, his face is wild and in agony. He wants to scream but his daughter is asleep in his arms. He looks at Amy as tears cascade. He hands her his daughter. Amy takes the girl. Slowly he moves forward and puts his hand on her cold lifeless leg. Amy watches as the life drains out of him too. He moves towards the head of the bed. Tom screams, it's inhuman, primal anguish. It doesn't stop, it rattles along the hallway. Amy shuts the door, sealing Tom's screams in there with them. Tom screams again and again. They devolve into ghastly heaving sobs. Vanessa wakes in Amy's arms and starts to cry."
scene72,slugline,,"INT. PARKFIELD MEMORIAL HOSPITAL, ICU, CORRIDOR - CONT."
desc72.689,desc,,"Charlie is in the nurses' station, he watches through the glass as Amy stands, cradling the baby and trying to comfort the sobbing Tom. Tom's wailing is deafened through the glass. Charlie watches this silent tableaux of grief and anguish. He watches Amy."
scene73,slugline,,"EXT. AMY'S HOUSE, BACKYARD - DAY"
desc73.690,desc,,Amy is hanging laundry when a car parks in the driveway. It's Baldwin and Braun.
utter73.691,utter,AMY,(Sotto) Shit.
desc73.692,desc,,They walk up to her.
utter73.693,utter,TIM BRAUN,Hello. Sorry to bother you like this. We need your help Amy.
utter73.694,utter,AMY,"Look. I'm sorry guys, I don't know what happened to her. To who?"
desc73.695,desc,,Kelly Anderson.
utter73.696,utter,DANNY BALDWIN,Who's Kelly Anderson?
desc73.697,desc,,Amy pales. Her heart pounds in her chest.
utter73.698,utter,DANNY BALDWIN (CONT'D),Is there another victim? (beat) Another double medication error?
desc73.699,desc,,Amy hesitates. The cops exchange a look.
utter73.700,utter,DANNY BALDWIN (CONT'D),Was Cullen with Kelly Anderson?
desc73.701,desc,,Amy's face hardens.
utter73.702,utter,AMY,This has nothing to do with Charlie.
utter73.703,utter,DANNY BALDWIN,How well do you know him?
utter73.704,utter,AMY,I know him really well.
utter73.705,utter,DANNY BALDWIN,Do you? He's been at nine hospitals and none of them will talk to us.
desc73.706,desc,,A long beat. Amy takes it all in. -- She does not know what to think.
utter73.707,utter,AMY,That's not possible. If something like this had happened... He'd never get another job... The hospitals would do something.
utter73.708,utter,TIM BRAUN,You would think so. They're stonewalling us. You have to help us.
desc73.709,desc,,"A long beat, Amy stares at him, a flash of anger. A door opens."
utter73.710,utter,ALEX,"Mom, are you coming?"
desc73.711,desc,,"Amy sees Maya and Alex at the back door, watching, listening."
utter73.712,utter,AMY,"Hey, honey. I'll be in in a second. Just wait inside. (riddled with doubt) Guys, I can't talk right now. I have my kids in here..."
desc73.713,desc,,Baldwin sees the kids. Nods.
utter73.714,utter,DANNY BALDWIN,Okay. Got it. Here's my card. Give me a call if he's not who you think. Have a nice day.
desc73.715,desc,,Baldwin hands her his card. Amy watches them return to their car and drive away. Her face grey with worry.
scene74,slugline,,"INT. PARKFIELD MEMORIAL HOSPITAL, ICU, NURSES' STATION NIGHT"
desc74.716,desc,,"Amy and Charlie are alone in the ward. Amy is at the Nurses Station, watching Charlie as he finishes hanging fresh saline on a patient's IV. He looks like a good nurse. Amy glances back to the screen, to her mountain of paperwork, she is buried in charts. As she sorts through them Charlie finishes up and leaves the patient's room. A beat later Charlie sits at the computer next to her, slides a fresh cup of coffee over to her. A small smile plays on his face, contentment. She watches him, looking for some sign."
utter74.717,utter,CHARLIE,Need anything? No.
desc74.718,desc,,"They sit in silence, both working."
utter74.719,utter,CHARLIE,"'Kay, let me know if you feel tired."
utter74.720,utter,AMY,I feel good. Okay.
desc74.721,desc,,Charlie walks off to do his rounds.
scene75,slugline,,INT. BAR / DINER - MORNING
desc75.722,desc,,"Amy sits nursing a cola, she looks at herself in the gantry mirror, she looks like hell. A WAITER is bringing breakfast to another table. A WOMAN enters, she's little, dark brown hair, bursting with energy. She bounds over, crushes Amy in a hug."
utter75.723,utter,LORI LUCAS,Amy fucking Loughren!
utter75.724,utter,AMY,Pocket rocket.
utter75.725,utter,LORI LUCAS,It is so good to see you.
utter75.726,utter,AMY,You look so good! Really?
utter75.727,utter,LORI LUCAS AMY,Yes. You look great.
utter75.728,utter,LORI LUCAS,Thank you. I feel exhausted.
desc75.729,desc,,The waiter makes his way over to them.
utter75.730,utter,LORI LUCAS (CONT'D),I'll have a cheese omelette.
desc75.731,desc,,"Lori turns to Amy, gleeful."
utter75.732,utter,LORI LUCAS (CONT'D),And what pairs best with that?
utter75.733,utter,AMY,Chardonnay.
utter75.734,utter,LORI LUCAS,And a large cold glass of dry Chardonnay.
scene76,slugline,,AMY
desc76.735,desc,,The waiter heads off to put the order in.
utter76.736,utter,LORI LUCAS,When was the last time we were in this dive?
utter76.737,utter,AMY,10...12 years... more?
desc76.738,desc,,"Lori's eyes bug out of her head. Waiter places the wine in front of them, Amy takes a healthy swig."
utter76.739,utter,LORI LUCAS,Jesus we are getting old.
desc76.740,desc,,She drinks. They laugh.
utter76.741,utter,AMY,How's Paul?
utter76.742,utter,LORI LUCAS,We split up. Shit.
utter76.743,utter,AMY LORI LUCAS,It's not a big deal. It was a longtime ago and we share custody of the dogs. We worked hard to come to that agreement. (beat) I'm so glad that you called.
utter76.744,utter,AMY,Me too. I need to ask you
desc76.745,desc,,something. It's weird actually.
utter76.746,utter,LORI LUCAS,I love weird.
utter76.747,utter,AMY,"I want to know if you remember working with a guy, a few years back, Charlie Cullen?"
desc76.748,desc,,The smile fades from Lori's face. She looks worried.
utter76.749,utter,LORI LUCAS AMY,I work with him right now at Parkfield.
desc76.750,desc,,"Amy waits for Lori to speak, she doesn't. Amy stares at her friend: spit it out."
utter76.751,utter,LORI LUCAS,There was a rumor about him... That he was responsible for a death. That he OD'd someone. What with?
scene77,slugline,,AMY
desc77.752,desc,,A long beat.
utter77.753,utter,LORI LUCAS,"A nurse found insulin in the dead guy's saline bag... Told our boss, she heard he'd found it in a few... Pinpricks in the ones in the store, someone had dosed them before they went out."
desc77.754,desc,,Amy begins to pale.
utter77.755,utter,AMY,How did you know it was him?
utter77.756,utter,LORI LUCAS,"We didn't. I never really believed it was Charlie until after he left. We used to have codes every night. Sometimes two or three. After he left... we get one a month, if that."
desc77.757,desc,,"Amy is still, lost in thought. She empties her glass of wine. She looks scared."
utter77.758,utter,LORI LUCAS (CONT'D),(Filled with dread) You get a lot of codes?
scene78,slugline,,"INT. PARKFIELD MEMORIAL HOSPITAL, STAIRS - DAY"
desc78.759,desc,,"Amy runs up the stairs , taking them two at a time. Her breath sawing in and out, her hearts thundering in her ears, faster and faster - DaDum---DaDum--Dadum-Dadum-DaDum."
scene79,slugline,,"INT. PARKFIELD MEMORIAL HOSPITAL, ICU, STORAGE ROOM - CONT."
desc79.760,desc,,"Amy's breath is ragged, she's still in her civilian clothes, she goes straight to the saline bags - big balloons of clear liquid. Amy grabs one and looks at it under the ceiling light, she squints, taking in every microscopic detail. She spots something, she turns the bag upside down. She squeezes it hard. A drop of clear liquid grows on the outside of the bag. Amy stares at it for a long moment. She touches the bead of liquid, it glistens on her finger. Amy drops the bag. The panic rattles through her. She can hardly catch her breath. She pushes through her pain, clambers towards the shelf, sweeps all the saline bags onto the floor."
scene80,slugline,,"INT. PARKFIELD MEMORIAL HOSPITAL, ICU, CORRIDOR - CONT."
desc80.761,desc,,"Amy storms out of the storage room. She stares into the patient rooms, saline is hanging everywhere, attached to everyone. Amy's breath hitches. She speeds down the corridor, darting in doorways, looking for help. She's running out of"
scene81,slugline,,rooms.
desc81.762,desc,,"Amy is growing frantic, finally she spots Sandra. Her voice is strangled, breathless."
desc81.763,desc,,"You need to change the saline, all the saline."
utter81.764,utter,SANDRA,What? What's going on?
desc81.765,desc,,"Amy's eyes flash over the bank of monitors at the nurses' station. Stevenson's is erratic. Amy flies along the corridor, wincing with every painful breath. Her left arm goes numb. Suddenly she stops. She lists against the wall. Sandra hurries to help her."
utter81.766,utter,SANDRA (CONT'D),Amy... are you okay? Charlie...
utter81.767,utter,AMY SANDRA,What about him? He's not here it's a day shift.
desc81.768,desc,,Charlie? AMY
utter81.769,utter,SANDRA,You want me to call Charlie?
desc81.770,desc,,Then Amy falls.
scene82,slugline,,"INT. PARKFIELD MEMORIAL HOSPITAL, ER ROOM - NIGHT"
desc82.771,desc,,"The room is dark. A lamp is on somewhere, it's a spotlight on Amy. A soft tone beeps from the machine next to her. The repetitive waves lull her away. Her eyes lazily follow the wires, the tubes in her arm. She traces them up to a bag of saline. Dripping into her veins. Amy fights to focus. She stares at her body, blue, shaky and cold, the aftermath of the medication. Something in the darkness moves. It's Charlie. He strokes her forehead."
desc82.772,desc,,Amy's heart rate monitor begins to pick up its pace. Charlie smiles. Easy...
utter82.773,utter,CHARLIE (CONT'D),You're okay. Its okay.
desc82.774,desc,,Amy doesn't know what to do. Her heartbeat races. She just stares at Charlie. Frozen.
utter82.775,utter,CHARLIE (CONT'D),Don't worry. I checked on the
desc82.776,desc,,girls. Jackie is with them. He smiles.
utter82.777,utter,CHARLIE (CONT'D),I can go get them and bring them here. No.
utter82.778,utter,AMY CHARLIE,Okay. (beat) You want some water?
desc82.779,desc,,Charlie pours water into a glass... Amy stares at him. He holds it to Amy's lips. She doesn't drink. She turns her head away.
utter82.780,utter,CHARLIE (CONT'D),Don't ever scare me like that again. Leave.
utter82.781,utter,AMY CHARLIE,I know. You don't want them to find out.
desc82.782,desc,,Amy looks at the alarm button by her bed. Charlie nods.
utter82.783,utter,AMY,Where's the nurse?
utter82.784,utter,CHARLIE,"Don't worry, your last pressure looked pretty good and your heart rate has been below 80 for the last hour. I saw the labs, your troponin is high but trending down. You're lucky it wasn't worse."
utter82.785,utter,AMY,I need to get home.
utter82.786,utter,CHARLIE,Don't worry. I got it...
desc82.787,desc,,The door swings open and the room fills with light and we see an E.R. NURSE in the doorway.
desc82.788,desc,,Saw her heart rate blip up.
desc82.789,desc,,Charlie smiles.
utter82.790,utter,AMY,Bring me a discharge form.
desc82.791,desc,,Charlie looks surprised at Amy.
utter82.792,utter,E.R. NURSE,(to Charlie) I don't think that is a good idea. She should stay overnight.
desc82.793,desc,,Amy stares at the Nurse.
utter82.794,utter,AMY,Bring me a discharge form. I want to leave AMA.
desc82.795,desc,,"Charlie looks down at Amy, she looks scared. He thinks he knows why. Charlie smiles at the ER nurse and nods."
utter82.796,utter,CHARLIE,I got this. I will drive her home and make sure she is looked after.
desc82.797,desc,,"The Nurse shakes her head, takes a deep breath and sends her a look. -- Are you sure? Amy just looks back at her. Nods. Finally the Nurse leaves."
utter82.798,utter,CHARLIE (CONT'D),Please stop.
desc82.799,desc,,Charlie gets up.
utter82.800,utter,CHARLIE (CONT'D),Give me your arm.
desc82.801,desc,,Amy stares at him. He undoes her blood pressure cuff.
scene83,slugline,,I/E. CHARLIE'S CAR / AMY'S NEIGHBORHOOD - NIGHT
desc83.802,desc,,"Charlie's eyes are on the road. Amy sits in the passenger seat. Looking ahead, her body still. There is no music. Just the steady sound of the engine. Amy's whole body is tense. Charlie is relaxed and small talking. He smiles at her. Amy's eyes go to him, she can barely control the fear on her face. But she has to play her part just right. She looks up. They are almost at her house."
utter83.803,utter,CHARLIE,You sure you don't want me to come in with you? (beat) I can sleep on the couch. I can take the girls to school.
utter83.804,utter,AMY,I don't wanna scare the girls. And nothing is gonna happen. I just need some sleep.
desc83.805,desc,,"Charlie looks at her, understanding on his face."
utter83.806,utter,CHARLIE,Yeah. You will be fine.
desc83.807,desc,,He parks in front of Amy's house. Amy goes for the door handle.
utter83.808,utter,AMY,Thanks Charlie.
desc83.809,desc,,It doesn't open. She's locked in with him.
utter83.810,utter,CHARLIE,But if you need anythingAMY You'll be my first call.
desc83.811,desc,,She forces a smile. He smiles back.
utter83.812,utter,CHARLIE,We got this Amy. One more month and we are there.
desc83.813,desc,,"Amy tries to open the door. It is stuck. She tries again. Charlie looks at her. Then reaches over her, opens the door."
utter83.814,utter,CHARLIE (CONT'D),"Well then go on, you're freezing. Get inside."
desc83.815,desc,,Amy gets out of the car and heads in.
utter83.816,utter,AMY,Good night. Call me!
scene84,slugline,,"INT. POLICE STATION, PIT - DAY"
desc84.817,desc,,Amy sits on the other side of Braun's desk. Baldwin perches on the radiator behind her.
utter84.818,utter,AMY,"No one can know, I'll get fired."
utter84.819,utter,DANNY BALDWIN,Understood.
desc84.820,desc,,He does it in the storage room. He does it in the storage room. Before it even goes out. He injects the insulin into the bags and because it enters the blood stream slowly
desc84.821,desc,,Amy looks ill.
utter84.822,utter,DANNY BALDWIN,So he's killing people without ever touching them.
utter84.823,utter,TIM BRAUN,Could he use something other than insulin in those bags?
utter84.824,utter,AMY,Any clear liquid could be put in without any of us being able to tell.
utter84.825,utter,TIM BRAUN,And Digoxin is a clear liquid?
utter84.826,utter,AMY,Digoxin? Yeah... Why?
desc84.827,desc,,A beat. Amy is reeling.
utter84.828,utter,TIM BRAUN,Could it kill someone?
desc84.829,desc,,She nods.
utter84.830,utter,TIM BRAUN (CONT'D),Will the nurse you met with speak to us?
utter84.831,utter,AMY,No. She'd lose her job.
utter84.832,utter,DANNY BALDWIN,Would you mind taking a look at what we got from Parkfield?
desc84.833,desc,,"Baldwin slides over a folder, there's no more than ten pages. Amy looks at it."
utter84.834,utter,AMY,Where's the rest? The full file?
utter84.835,utter,TIM BRAUN,That's all we have.
utter84.836,utter,AMY,"Well, what about the rest of the PYXIS reports, there's only two pages here?"
utter84.837,utter,DANNY BALDWIN,They told us it only stores information for four weeks at a time.
utter84.838,utter,AMY,"No it doesn't. It's a computer, it stores everything since it was"
desc84.839,desc,,Baldwin can't contain his anger.
utter84.840,utter,AMY (CONT'D),"I can get Charlie's PYXIS from the machine in my ward. If we have it, and you get the full files we could prove him withdrawing insulin"
desc84.841,desc,,before Ana died.
utter84.842,utter,TIM BRAUN,"Yeah but the problem is Ana Martinez was cremated... So we don't have an autopsy, what we need is an actual body."
desc84.843,desc,,Amy takes a deep breath.
scene85,slugline,,EXT. TOM ANDERSON'S HOUSE - MORNING
desc85.844,desc,,"This is a nice part of town. Ice dusts everything: the clapboard houses, the white picket fences, the manicured gardens. Baldwin's sedan pulls outside. Amy gets out the car, heads up the drive way. Braun and Baldwin watch as she knocks on the door. After a beat Tom Anderson opens it with the baby on his arm. The cops can't hear what Amy says, they watch on, deaf as Amy and Tom talk. After a beat Tom slouches, Amy catches him in a hug. They cling to each other. Amy turns and nods to Baldwin and Braun."
scene86,slugline,,EXT. GRAVEYARD - DAY A montage.
desc86.845,desc,,"Tom Anderson stands on the path, riddled with agony. Baldwin and Braun stands next to him. A bright orange JCB digger fires up, begins to plow into the ground below a grave marked ANDERSON. Two CSI's in bunny suits are waiting under the cover of a tree. The JCB hits its mark, a hollow thud sweeps over them. It hits Tom like a blow. Tom can't bear it, he turns and walks away. Baldwin follows him. The two CSI's drop into the muddy pit with shovels. It almost swallows them whole. Very carefully they begin to dig. A crane lifts up the vault and places it on the ground. Two men open the vault. Braun looks at Baldwin who is comforting Tom in the background. Kelly Anderson's coffin is lifted from the vault and is hanging from two yellow straps. Baldwin and Braun look at each other."
scene87,slugline,,"INT. PARKFIELD MEMORIAL HOSPITAL, ICU, NURSES' STATION NIGHT"
desc87.846,desc,,"Amy's charting. Her eyes flit up every few seconds to check on Charlie. She watches him in Joyce's room. She can see his mouth moving as he talks to the comatose Joyce, see him tenderly touch the woman's arm as he hangs a fresh saline bag. She throws her eyes over the bank of monitors. All is quiet, all is well. Her eyes flick back up to look for Charlie. He's gone."
scene88,slugline,,"INT. PARKFIELD MEMORIAL HOSPITAL, ICU, JOYCE'S ROOM - CONT."
desc88.847,desc,,"Amy's eyes sweep the corridor from the nurses' station, she stands and crosses into Joyce's room, she goes straight to Joyce's saline bag, she removes it, throws it in the trash. She pulls a fresh one from the cart and checks it for holes. Squeezing it with all her strength. Satisfied, she hangs it on Joyce's arm and sticks her head out the door. Sweeping for Charlie. She can't see him."
scene89,slugline,,"INT. PARKFIELD MEMORIAL HOSPITAL, ICU, NURSES' STATION LATER"
desc89.848,desc,,"Amy stands over the PYXIS. The ward is deserted. She's alone. She peers down the corridor. She can't see Charlie. She works fast, punches in her code. She looks through the machine and finds Charlie's name and record. She opens ""WITHDRAWALS"" Amy's face furrows in confusion. The withdrawal list is empty. Charlie has ZERO withdrawals. Slowly something dawns on Amy. She goes back to Charlie's record and looks for ""CANCELLATIONS"" She clicks it open. A list of cancellations fills the small screen. Amy smiles and hits print. A dot-matrix printer whirs to life - Screeching in the silent ward. Amy lets out a jagged breath. Looks around for anyone who could hear."
scene90,slugline,,"INT. POLICE STATION, OFFICE - AFTERNOON"
desc90.849,desc,,"Sam Johnson stands quietly at the back of the room, watching. The report from Kelly's autopsy photos lie on the table, Braun can see Amy staring down at them, guilt playing on her face. He shuffles the patient files and the PYXIS report to the top, hides the gruesome pictures underneath. Amy pushes them aside and grabs the autopsy findings. She won't look away."
utter90.850,utter,DANNY BALDWIN,As you know we got permission from Kelly Anderson to dig up the body for examination. From the autopsy we know a combination of insulin and digoxin were in Kelly's system and led to her death in the early
scene91,slugline,,hours of the 15th.
desc91.851,desc,,Amy points out the lines on the PYXIS report.
scene92,slugline,,On the 14th at 20:47 Charlie took out insulin and digoxin from the
desc92.852,desc,,Braun takes it from her and studies it. Amy rummages through Kelly's CERNER report-
utter92.853,utter,AMY (CONT'D),"Here, on her report we can see her blood sugar drops, 21:56. That's the insulin he withdrew at 20:47"
desc92.854,desc,,taking hold. And then her slow arrhythmiaAmy points it out on Kelly's file. Baldwin's head is staring to hurt.
utter92.855,utter,AMY (CONT'D),22:15. That's the digoxin. That's him holding the two murder weapons.
desc92.856,desc,,Braun looks at Amy.
utter92.857,utter,AMY (CONT'D),3:57. Kelly is dead. It's all right here.
utter92.858,utter,TIM BRAUN,"This PYXIS says cancellation, not withdrawal?"
utter92.859,utter,AMY,"Yeah, I know. There's a fault with the PYXIS. If you cancel an order late enough the drawer opens anyway, but it reads on the report as a cancelation."
utter92.860,utter,DANNY BALDWIN,And Cullen knows about this fault?
utter92.861,utter,AMY,"I saw him do it. (beat) The orders are all here, insulin, digoxin, hundreds of others..."
utter92.862,utter,DANNY BALDWIN,Not according to this piece of paper... This makes it look like he never got them.
utter92.863,utter,AMY,But he did.
desc92.864,desc,,Braun lets out a frustrated sigh.
utter92.865,utter,TIM BRAUN,But did you see him do it this time?
desc92.866,desc,,"A beat. Amy looks back at the papers, seeing so clearly what they prove."
utter92.867,utter,AMY,This is the smoking gun. I am telling you guys
utter92.868,utter,JOHNSON,"But it isn't. These are all cancellations. There's nothing nefarious here, no proof of guilt."
utter92.869,utter,AMY,"He's been doing it since he started at Parkfield. Look repeated cancellations that aren't followed up by a correct order. Repeated orders of Vec, which we hardly even use... And digoxin. This screams wrong."
utter92.870,utter,JOHNSON,Maybe Parkfield just didn't understand it.
utter92.871,utter,AMY,Linda Garran used to be a nurse. She understood it. She knows and they are doing nothing...
scene93,slugline,,"INT. PARKFIELD MEMORIAL HOSPITAL, BOARD ROOM - DAY"
desc93.872,desc,,"Charlie is alone, he sits by the table in civilian clothes. He looks worried. Garran and Beattie enter, two suits versus Charlie. Garran's lost weight, her suit swims around her. They sit opposite Charlie. Eerily mirroring the scene from St. Aloysius Hospital in the opening."
utter93.873,utter,LINDA GARRAN,"Nurse Cullen, thanks for coming in on your day off."
utter93.874,utter,CHARLIE,You can call me Charlie.
utter93.875,utter,LINDA GARRAN,We've come across something troubling.
desc93.876,desc,,Charlie's face shows concern.
utter93.877,utter,LINDA GARRAN (CONT'D),What hospital were you employed at before you took the position here?
utter93.878,utter,CHARLIE,St. Elizabeth's.
utter93.879,utter,LINDA GARRAN,And what were the dates of your employment?
utter93.880,utter,CHARLIE,"I'm not sure. Is there an issue from St. Elizabeth's? Because I, I was targeted by some co-workers. And maybe you know they're at it again."
utter93.881,utter,DUNCAN BEATTIE,What we are concerned with is the dates you listed on your application. Do you remember what they were?
utter93.882,utter,CHARLIE,I think it was June '01 to August '03? Maybe?
desc93.883,desc,,Garran and Beattie look relieved.
utter93.884,utter,DUNCAN BEATTIE,"Yes, that's what you wrote."
utter93.885,utter,LINDA GARRAN,"Those dates are incorrect Mr. Cullen. St. Elizabeth's confirmed to us that you were employed from May. Due to these discrepancies with your application form, we have no option but to let you go with immediate effect."
desc93.886,desc,,Charlie looks at them. His face hardens.
utter93.887,utter,CHARLIE,You're firing me for writing the wrong dates on my application?
utter93.888,utter,LINDA GARRAN,It is in the contract.
desc93.889,desc,,"Charlie stares at them, hopeless. A long beat. Charlie stares at them, his face hardens."
utter93.890,utter,CHARLIE,You need me to sign something?
desc93.891,desc,,"Garran looks at Beattie, relieved. Beattie slides a document towards Charlie. Charlie knows the routine. He signs it and pushes it back. He looks different."
utter93.892,utter,CHARLIE (CONT'D),Is that all?
utter93.893,utter,LINDA GARRAN,That is all.
desc93.894,desc,,Then he leaves. Followed by Beattie.
utter93.895,utter,LINDA GARRAN,"Thank you, Mr. Cullen."
scene94,slugline,,(CONT'D)
desc94.896,desc,,For a few beats after they are gone we just observe Linda Garran. She is clearly struggling with it all.
scene95,slugline,,"INT. POLICE STATION, OFFICE - NIGHT"
desc95.897,desc,,"Baldwin, Braun, Johnson and Amy sit buried in work. Reams of files are piled all over. Prosecutor Ellis joins them."
utter95.898,utter,PROSECUTOR ELLIS,"I just got news from Parkfield, they've dealt with the Cullen issue."
desc95.899,desc,,All of them look at Ellis.
utter95.900,utter,JOHNSON,What do you mean?
utter95.901,utter,PROSECUTOR ELLIS,He's been fired. What?
utter95.902,utter,JOHNSON DANNY BALDWIN,So they are just gonna let him go?
utter95.903,utter,TIM BRAUN,What did they say?
utter95.904,utter,PROSECUTOR ELLIS,That they fired him because they found some discrepancy in his paper work.
utter95.905,utter,TIM BRAUN,What was his state of mind? Was he stable?
utter95.906,utter,AMY,You don't think this could make him more dangerous do you?
desc95.907,desc,,Amy looks ill.
utter95.908,utter,PROSECUTOR ELLIS,At least he's not anywhere near patients. He can't hurt anyone...
desc95.909,desc,,Braun struggles to contain his anger.
utter95.910,utter,DANNY BALDWIN,"Nine Hospitals. He's been at nine hospitals. What don't you understand? They all find a technicality, or he's forced to resign. They don't report anything. They cover their own liability and let him move on to the next place, to become some other administration's problem, to kill again and again..."
desc95.911,desc,,Braun and Baldwin stare at Ellis.
utter95.912,utter,DANNY BALDWIN (CONT'D),You allowed this.
desc95.913,desc,,Ellis looks to Johnson for help.
utter95.914,utter,JOHNSON,"Don't look at me, you did..."
scene96,slugline,,"INT. AMY'S HOUSE, KITCHEN - NIGHT"
desc96.915,desc,,"Jackie, I'm back! Hey girls... Amy swings open the kitchen door, instead of the usual barren surfaces she walks into a fully set table, a bounty of food, something delicious is roasting in the oven. Peels of Maya's laughter echo through from the living room. Amy moves to it."
scene97,slugline,,"INT. AMY'S HOUSE, HALLWAY - CONTINUOUS"
desc97.916,desc,,"Amy slips down the dark hallway, taking her time listening to the joy in her daughters' voices."
utter97.917,utter,ALEX (O.S.),...if not the most important person West of the Pecos.
utter97.918,utter,MAYA (O.S.),Wherever that is...
utter97.919,utter,ALEX (O.S.),"Maya, No! That's not your bit."
desc97.920,desc,,"Maya giggles uncontrollably as Amy opens the door ontoINT. AMY'S HOUSE, LIVING ROOM - CONT. Charlie sitting on the couch next to Maya, Alex is in front of the TV, performing to them. Amy's heart starts to pound in her chest as all three of them smile at her. Charlie is watching her intensely. She has to hide her panic."
utter97.921,utter,ALEX,"Mom, Maya is speaking over Charlie's part."
utter97.922,utter,AMY,What are you doing here?
utter97.923,utter,CHARLIE,Helping out.
desc97.924,desc,,Amy remembers to breathe. Air saws out of her. She forces a smile.
utter97.925,utter,AMY,Where's Jackie?
utter97.926,utter,CHARLIE,"I told her to take the night off, so it could be just us."
desc97.927,desc,,Amy nods. She looks back at the kitchen.
utter97.928,utter,MAYA ALEX,Charlie cooked. I helped.
utter97.929,utter,MAYA ALEX,No you didn't!
utter97.930,utter,MAYA,"Yes, I did!"
utter97.931,utter,CHARLIE,We all cooked.
desc97.932,desc,,"Amy moves towards her daughters. Looks at them, the smiles on their faces, their ease. She tries to bury her fear, tries to think clearly. Amy's on edge, Alex can see it."
utter97.933,utter,ALEX,"Why are you being weird, mom?"
utter97.934,utter,CHARLIE,I'm making something special for us...
utter97.935,utter,ALEX,It is his mom's recipe.
utter97.936,utter,CHARLIE,"I stocked your fridge too by the way, had extra time to go to the store."
desc97.937,desc,,"Amy studies every movement of Charlie's face, the fear slowly ebbs out of her. There is a tenderness to him, this is the Charlie she knows."
utter97.938,utter,CHARLIE (CONT'D),"Sit down, relax. Get off your feet and watch The Mayor of Humdrum Falls! Was it my line? Unless anyone's hungry?"
desc97.939,desc,,Amy doesn't move.
desc97.940,desc,,"Alex, Maya, please come here."
utter97.941,utter,ALEX AMY,Because I'm asking you to.
utter97.942,utter,ALEX,I don't want to.
utter97.943,utter,CHARLIE,"Hey, go to your mom."
utter97.944,utter,AMY,"Get over here, right now!"
desc97.945,desc,,Alex sends her mother an angry look and takes Maya with her.
utter97.946,utter,AMY (CONT'D),Go to your room. Go.
desc97.947,desc,,Charlie looks at Amy. He gets it...
utter97.948,utter,CHARLIE,So I'm guessing you heard?
desc97.949,desc,,Charlie lets out an exasperated hiss.
utter97.950,utter,CHARLIE (CONT'D),Did she say why?
desc97.951,desc,,Amy looks at him. Cautious. He turns to her.
utter97.952,utter,CHARLIE (CONT'D),They fired me because I put the wrong dates on my application form. Seriously?
desc97.953,desc,,He nods.
utter97.954,utter,CHARLIE,"You know it's been more than a bad day, it's been a bad few months, maybe a bad few years... I wasn't even meant to be working here. I was doing so well at Shawlands. I only took this job because I wanted to be near my girls... and then she wouldn't even let me see them. And started telling these lies, you know all that crazy stuff -poisoned the dog- I mean come on..."
desc97.955,desc,,Amy hears poisoned. Looks at the food he has prepped.
utter97.956,utter,CHARLIE (CONT'D),"I left the job I loved and I would do that every time, I mean it's my kids. But it's just such a kick in the teeth to not even get to see them and now this... Sometimes I think the universe hates me."
utter97.957,utter,AMY,Of course it doesn't. (beat) I am so sorry this happened. But...
utter97.958,utter,CHARLIE,"I know. And I know you still have three more weeks to get through, and I won't be there to help you, but I can be here to help you. I'll look after them, make sure you eat. Anything you need."
desc97.959,desc,,Amy looks at Charlie.
utter97.960,utter,AMY,Yeah... I didn't tell you Alex blew up the other day?
desc97.961,desc,,Charlie looks at her: what?
utter97.962,utter,AMY (CONT'D),"She lost it. Screaming, crying. She's struggling with it all."
utter97.963,utter,CHARLIE,I am so sorry.
utter97.964,utter,AMY,"You know what I really need is time alone with them, just the girls and me."
desc97.965,desc,,Charlie looks hurt for a second.
utter97.966,utter,AMY (CONT'D),"And I hate to ask you this, because you have had the day from hell, the year from hell, and you do so much for me, you do everything... I mean you are like my knight in shining armor, and I want to be there for you, but... I feel like shit. I'm so sorry."
utter97.967,utter,CHARLIE,"Amy, I get it. Your kids need this. I am happy to help."
desc97.968,desc,,He stands. Starts walking towards the kitchen.
utter97.969,utter,CHARLIE (CONT'D),You're a good mom. Look at me. (beat) You're a good mom.
desc97.970,desc,,She wipes tears away. I'm okay.
utter97.971,utter,AMY CHARLIE,I'm glad I can help.
desc97.972,desc,,He gets up.
utter97.973,utter,CHARLIE (CONT'D),Promise me you'll eat.
desc97.974,desc,,It smells good.
utter97.975,utter,CHARLIE,It's my mother's recipe.
desc97.976,desc,,"He heads for the door, then stops."
utter97.977,utter,CHARLIE (CONT'D),"You know, just seeing you, just sitting with you for a few minutes made me realize everything's going to be okay. I've got you, I've got"
desc97.978,desc,,"my girls, I've got Alex and Maya."
desc97.979,desc,,"Charlie leaves through the back door. Amy shuts the door on him, listening as Charlie's walks to his car, slams the door, starts the engine and drives off."
scene98,slugline,,"INT. POLICE STATION, INCIDENT ROOM - MORNING"
desc98.980,desc,,"Amy's sitting at the table, she hasn't slept. Clammy, breathing hard. Baldwin and Braun sit in office chairs nearby. A telephone with a recording device attached to it is on the table. Braun dials a number. It rings. Baldwin presses RECORD."
utter98.981,utter,AMY,"Charlie, Hey, it'sSomeone lifts the receiver. No one speaks. Hello-"
scene99,slugline,,AMY (CONT'D)
desc99.982,desc,,Eventually a breath slithers down the line.
utter99.983,utter,CHARLIE (TELEPHONE),"Hey, you okay?"
utter99.984,utter,AMY,"Yes, I just wanted to call you up and say sorry for being so weird last night..."
desc99.985,desc,,"A long beat, Charlie says nothing."
utter99.986,utter,CHARLIE (TELEPHONE),"No, I'm sorry. Did you and Alex have some quality time after I left? Yeah."
utter99.987,utter,AMY CHARLIE (TELEPHONE),Good. You needed that. You both needed that I was glad I could help.
utter99.988,utter,AMY,"Anyway, I was just about to head in to work and I keep thinking... it bothers me so much that you're not going to be there..."
utter99.989,utter,CHARLIE (TELEPHONE),"I know, I know. I miss you too. (beat) You want to go to the park or something? With the girls?"
desc99.990,desc,,"Amy's breath catches. Baldwin is frantically writing something down, he shows it to her: LUNCH."
utter99.991,utter,AMY,"Uh, yeah, maybe lunch?"
utter99.992,utter,CHARLIE (TELEPHONE),Yeah... Lunch works. When's good?
utter99.993,utter,AMY,Let me think for a moment...
desc99.994,desc,,"She looks at the detectives, Baldwin writes: SAT."
utter99.995,utter,AMY (CONT'D) CHARLIE (TELEPHONE),Saturday works.
utter99.996,utter,AMY,I have to go to work now so I'll pick a place and call you with the details.
utter99.997,utter,CHARLIE (TELEPHONE),Say hi to Sandra.
utter99.998,utter,AMY,I will. Bye.
desc99.999,desc,,"Amy hangs up, she is shaking. Baldwin and Braun smiles."
utter99.1000,utter,DANNY BALDWIN,"Great job. You remember what we talked about: He needs to say he did it. He can't just agree to a statement you make, he needs to confess."
desc99.1001,desc,,Amy nods solemnly.
scene100,slugline,,I/E. UNMARKED VAN / DINER PARKING LOT - DAY
desc100.1002,desc,,"Baldwin and Braun are folded into the back of an UNMARKED SURVEILLANCE VAN. Both are wearing headphones, the sounds of the diner filter through them, and on top of that a drumming sound. DaDum-DaDum-Dadum-Dadum-DaDum. Pulsing. Faster and faster. Baldwin looks at Braun: what is that?"
utter100.1003,utter,TIM BRAUN,"Man, her pulse is racing."
scene101,slugline,,"INT. DINER, BOOTH - DAY"
desc101.1004,desc,,A large UNMARKED SURVEILLANCE VAN is parked across the parking lot- Braun and Baldwin's hiding place. It looks far away. Her heart is beating a percussion in her chest. Amy whispers a mantra under her breath.
desc101.1005,desc,,"Fuck, fuck, fuck, fuckAmy looks around. Tries to look calm. Whispers:"
utter101.1006,utter,AMY (CONT'D),Okay. I hope you hear me.
desc101.1007,desc,,Amy sees Charlie enter the diner.
utter101.1008,utter,AMY (CONT'D),He's walking in right now.
desc101.1009,desc,,"He scans the room for her, she's hidden in the booth, unseen. She wants to stay hidden."
utter101.1010,utter,AMY (CONT'D),CHARLIE
desc101.1011,desc,,"Against all her instincts, she stands and hugs him."
utter101.1012,utter,CHARLIE (CONT'D),I like this place.
desc101.1013,desc,,Charlie sinks down across from Amy. Amy can feel her heart beating out of her chest as a WAITRESS walks over.
utter101.1014,utter,WAITRESS,Can I get you guys something to drink?
utter101.1015,utter,CHARLIE,"An iced tea, please."
utter101.1016,utter,AMY,Just a water.
desc101.1017,desc,,"Charlie squirms out of his jacket, underneath we can see he's wearing scrubs. Amy blinks at them, confused."
utter101.1018,utter,CHARLIE,"What do you think? Treated myself. Starting a new job tonight, hope these will make a good impression."
desc101.1019,desc,,"Charlie stares at her shocked face, she feels it. She forces a smile."
utter101.1020,utter,AMY CHARLIE,Elmsworth Hospital.
utter101.1021,utter,AMY,You're starting at Elmsworth tonight?
utter101.1022,utter,CHARLIE,"Got all my stuff in the car, ready for a new start."
utter101.1023,utter,AMY,"That's... wow, Charlie."
desc101.1024,desc,,The waitress sets two glasses down. Amy's hand is shaking as she sips hers. Charlie watches her curiously.
utter101.1025,utter,WAITRESS,Ready to order?
desc101.1026,desc,,Charlie looks at Amy: you ready? She nods.
utter101.1027,utter,CHARLIE,I'd love a cheeseburger. Me too.
desc101.1028,desc,,The waitress sways away.
utter101.1029,utter,CHARLIE,How are the girls?
utter101.1030,utter,AMY,They are fine.
desc101.1031,desc,,Amy can't quite keep the hate from her eyes. But she knows she has to. Takes a deep breath.
utter101.1032,utter,CHARLIE,How's the Mayor?
utter101.1033,utter,AMY,She's great.
utter101.1034,utter,CHARLIE,You feeling better?
utter101.1035,utter,AMY,"Yeah... Work is awful without you... I mean we were partners. And worst of all people have been saying things, shit about you..."
utter101.1036,utter,CHARLIE,I guessed they would.
utter101.1037,utter,AMY,It makes me mad. Talking crap when you're not there to defend yourself. I went to town on them. Sandra got an earful. They'll be talking shit about me too
desc101.1038,desc,,Charlie's eyes focus coolly on Amy.
utter101.1039,utter,CHARLIE,I don't want to talk about Parkfield. Why?
desc101.1040,desc,,Their eyes meet.
utter101.1041,utter,AMY (CONT'D),Is what they are saying true? Because I wouldn't care if you did those things. She can't sell it.
desc101.1042,desc,,It's like a cold wave of static washes over her. Charlie is gone. Across from her sits something empty. Something that doesn't feel human. His left eye seems to drift a little off. He's looking at her and looking through her.
utter101.1043,utter,AMY (CONT'D),I could understand. (beat) You could explain it to me.
desc101.1044,desc,,"She reaches for his hand, before she can get it he slams his fist on the table. It startles Amy. She retracts into the booth. Terrified. He seems to shrink, like a snake coiling. Amy braces herself. Then all of a sudden he smiles, empty but polite. Her Charlie is there again, like a flipped switch."
utter101.1045,utter,CHARLIE,"I didn't tell you, I eh, got permission to see my girls. 2 days every second week."
utter101.1046,utter,Charlie- AMY CHARLIE,"I was thinking you, Maya and Alex, me and my girls, we should go away on a day trip...."
utter101.1047,utter,AMY,"I want to talk about Parkfield,"
desc101.1048,desc,,about what you didCharlie lets out a harsh breath.
utter101.1049,utter,CHARLIE,"Y'know what Amy, I got to go...I can't be late for my first day. Wait-"
utter101.1050,utter,AMY CHARLIE,I'll call you again soon.
desc101.1051,desc,,He stands and walks towards the door. Amy's eyes go wide. She speaks into her wire.
utter101.1052,utter,AMY,"(Sotto, frantic) He's leaving now, he's going. What"
desc101.1053,desc,,"do I doShe watches as Charlie heads outside, crosses the lot. Amy's eyes shoot to the van the cops are in. It's still."
utter101.1054,utter,AMY (CONT'D),"Guys, he's leaving."
desc101.1055,desc,,Charlie gets into his car. Amy sits there. Desperate. But can't move before he is gone. For a beat we just look at Amy as she sits there. Frozen. Then Baldwin and Braun rush in.
utter101.1056,utter,TIM BRAUN DANNY BALDWIN,Where is Elmsworth?
desc101.1057,desc,,Amy doesn't realize she's being asked a question.
utter101.1058,utter,DANNY BALDWIN (CONT'D),"Amy, where's Elmsworth Hospital?"
utter101.1059,utter,AMY,Thirty minutes from here.
desc101.1060,desc,,Horror dawns on her face.
utter101.1061,utter,AMY (CONT'D),In Pennsylvania.
desc101.1062,desc,,"Baldwin turns to Braun, desperate."
utter101.1063,utter,TIM BRAUN,I'll call Ellis.
desc101.1064,desc,,Braun finds his phone and makes a call.
utter101.1065,utter,AMY,I pushed him too hard.
utter101.1066,utter,DANNY BALDWIN,"You did great, Amy."
desc101.1067,desc,,Braun returns.
utter101.1068,utter,TIM BRAUN,"We're good. They're going to pick him up. Bring him in, but they can only hold him for 48 hours."
desc101.1069,desc,,Amy sits paralyzed. Empty. Shaken. For a while we just observe her.
scene102,slugline,,I/E. CHARLIE'S CAR / INTERSTATE - DAY
desc102.1070,desc,,"Charlie's car chugs down the interstate. His eyes are on the road ahead. Radio is on. Low and soft country music. Away, away. New opportunities ahead. He drives on. ThenBlue and red lights flash in his mirrors. A POLICE CRUISER squawks its sirens. Charlie clicks on his indicator. Pulls over to the hard shoulder. He tries to wipe his eyes on his sleeve, tries to hide that he's been crying."
utter102.1071,utter,POLICE OFFICER (O.S.),Show me your hands! Show me your hands!
desc102.1072,desc,,Charlie slowly raises his hands.
desc102.1073,desc,,Charlie steps out of his car.
utter102.1074,utter,POLICE OFFICER (CONT'D),"You're under arrest, get out of the vehicle."
desc102.1075,desc,,The police officer is pointing his gun at Charlie.
scene103,slugline,,POLICE OFFICER (CONT'D)
desc103.1076,desc,,Charlie is brutally being forced to the ground and handcuffed. Knee in the back. Face pressed against the asphalt.
scene104,slugline,,"INT. POLICE STATION, CORRIDOR OF INTERROGATION ROOM - NIGHT"
desc104.1077,desc,,The corridor is dark. We are looking at the door to the interrogation room.
scene105,slugline,,"INT. POLICE STATION, INTERROGATION ROOM - NIGHT"
desc105.1078,desc,,"Charlie is handcuffed to the table. He looks frightened and fragile Baldwin and Braun come in. Self confident. This is their world, and they're going to get what they want. Tim sits down in front of Charlie. A little closer than Charlie likes. Okay..."
desc105.1079,desc,,Tim starts reading something from a piece of paper. Mechanically. No emotions. Apparently something he has to do.
utter105.1080,utter,TIM BRAUN (CONT'D),"My name is Detective Sergeant Tim Braun, with me is Detective Dan Baldwin. Today is Saturday December 13th, 2003. The time is approximately 8:14PM. We are here in the Major Crimes Unit interview room. With us is Mr. Charles Cullen. Ah, Mr. Cullen for the record could you please state your full name?"
utter105.1081,utter,CHARLIE,"Ah, Charles Cullen."
utter105.1082,utter,TIM BRAUN,Could you spell that please? CHARLIE
desc105.1083,desc,,"C-H-A-R-L-E-S, C-U-L-L-E-N."
utter105.1084,utter,TIM BRAUN,Is that okay if we call you Charlie then? Yes.
utter105.1085,utter,CHARLIE TIM BRAUN,"Okay. Is there any thing you want to tell us, Charlie?"
utter105.1086,utter,CHARLIE,No. I don't think so. I... No.
utter105.1087,utter,DANNY BALDWIN,How many IV-bags have you polluted
scene106,slugline,,at Parkfield Memorial Hospital.
desc106.1088,desc,,Charlie glances at Baldwin for a sec. But he doesn't answer.
utter106.1089,utter,DANNY BALDWIN (CONT'D),We know that you killed Kelly Anderson and Ana Martinez. We think there are others...
desc106.1090,desc,,Charlie feels the pressure.
utter106.1091,utter,TIM BRAUN,We would like to discuss it with you.
utter106.1092,utter,CHARLIE,I can't... I'm not meant to talk about patients without the hospital lawyers.
utter106.1093,utter,DANNY BALDWIN,But you don't work there anymore. You don't have to do what they say...
utter106.1094,utter,TIM BRAUN,You're free to talk here. I can't.
utter106.1095,utter,CHARLIE TIM BRAUN,Why did you kill them?
desc106.1096,desc,,"Charlie doesn't answer. He puts his face in his arms, trying to hide it."
utter106.1097,utter,DANNY BALDWIN,Do you only kill women?
utter106.1098,utter,TIM BRAUN,They remind you of your ex-wife maybe? That I could understand. Or your mother...
desc106.1099,desc,,Charlie doesn't respond.
utter106.1100,utter,DANNY BALDWIN,"The saline bag stuff, that was pretty smart. I can't..."
utter106.1101,utter,CHARLIE TIM BRAUN,Really smart. I have never seen anything like that... How did you come up with that?
desc106.1102,desc,,A long beat. He doesn't fall for flattery.
utter106.1103,utter,DANNY BALDWIN,"How many have you killed, Charlie?"
desc106.1104,desc,,Charlie contorts in on himself. Hides his face. Tim realizes that Charlie is crying.
utter106.1105,utter,TIM BRAUN,"Hey Charlie, stick with me here."
desc106.1106,desc,,Charlie tries to disappear.
utter106.1107,utter,DANNY BALDWIN,"Come on back, Charlie. We just want to have this conversation. I know you can do it... I can't."
desc106.1108,desc,,Charlie cries louder now.
utter106.1109,utter,CHARLIE (CONT'D) TIM BRAUN CHARLIE,"I can't- I can't- I can'tTIM BRAUN Charlie, you can do this."
desc106.1110,desc,,Charlie bangs his hand on the table.
desc106.1111,desc,,"Braun's hands ball into fists, the anger he's managed to keep hidden now pouring out."
utter106.1112,utter,DANNY BALDWIN,"Alright. We've seen your CERNER, we've seen your PYXIS, your orders, your cancellations. We know all about it. How you poisoned the bags in the store room... let the other nurses hang them... I don't think you picked Kelly or Ana... did you? Nothing..."
desc106.1113,desc,,You know what I've been wondering...And then Charlie explodes.
utter106.1114,utter,CHARLIE,"I can't! I can't I can't! A mantra, blubbered over and over. Interspersed only with"
desc106.1115,desc,,guttural animal sounds.
scene107,slugline,,"INT. AMY'S HOUSE, LIVING ROOM - DAY"
desc107.1116,desc,,"Amy and Alex are sitting on the sofa watching a film. Amy totally exhausted in her cardigan, but she can't seem to doze off. Her eyes are wired. Alex is eating cereal. Then we hear the doorbell ring."
scene108,slugline,,"I/E. AMY'S HOUSE, KITCHEN - DAY"
desc108.1117,desc,,Amy walks through the kitchen and opens the door. Baldwin is outside. Amy takes a step out. The door half closed behind her.
desc108.1118,desc,,AMY DANNY BALDWIN
utter108.1119,utter,AMY,What's happened?
desc108.1120,desc,,"Baldwin looks at her, tired and a bit broken. He shakes his head."
utter108.1121,utter,DANNY BALDWIN,He did not confess.
desc108.1122,desc,,The two of them are still for a beat.
utter108.1123,utter,AMY,There's still time. I mean maybeDANNY BALDWIN We're not going to get it. He's not going to break. He's not going to confess. We have to release him tomorrow morning... I'm sorry.
scene109,slugline,,"INT. AMY'S HOUSE, LIVING ROOM - DAY"
desc109.1124,desc,,"Amy back watching TV with the girls. Amy gets up from the sofa. Slowly. Like her whole body hurts. She grabs her cell phone, and heads to the kitchen."
scene110,slugline,,"INT. AMY'S HOUSE, KITCHEN - CONTINUOUS"
desc110.1125,desc,,Amy picks up the phone and dials.
scene111,slugline,,I/E. AMY'S CAR / NEW JERSEY STREETS - NIGHT
desc111.1126,desc,,Amy drives in silence.
scene112,slugline,,INT. PRISON HALLWAY - NIGHT
desc112.1127,desc,,Amy leans against the wall and talks with Baldwin.
utter112.1128,utter,DANNY BALDWIN,You sure you're up for this? Yeah.
utter112.1129,utter,AMY DANNY BALDWIN,"Remember, you can't touch him. You can't even get close to him."
utter112.1130,utter,AMY,He's my friend. I just need to see him.
desc112.1131,desc,,Amy follows Baldwin down the prison hallway.
scene113,slugline,,"INT. POLICE STATION, INTERROGATION ROOM - NIGHT"
desc113.1132,desc,,"Stubble is creeping across Charlie's jaw, his eyes are drifting. Amy is through the door first but stops. -- She is shocked to see Charlie like this. He looks totally broken. Baldwin walks over and places a coffee in front of Charlie."
utter113.1133,utter,AMY,Hi Charlie.
desc113.1134,desc,,Charlie won't even look at her. Amy turns to Baldwin.
utter113.1135,utter,AMY (CONT'D),Can you please remove the handcuffs?
desc113.1136,desc,,Baldwin hesitates.
scene114,slugline,,AMY (CONT'D)
desc114.1137,desc,,Baldwin removes them. Charlie rubs his wrists. He says nothing. Baldwin's hulking frame stands by the door. Charlie's eyes are on the table before him. She slides the coffee cup towards his hand. He doesn't touch it. You okay?
scene115,slugline,,AMY (CONT'D)
desc115.1138,desc,,"He looks at her, hostile, indignant that she would dare to ask."
utter115.1139,utter,CHARLIE,"Go away, Amy."
desc115.1140,desc,,"He drops his head low, retreating into his own world. There's a long beat. Amy relaxes into the chair. Trying to work out some route to the man opposite her. Charlie shivers, the skin on his arms goosebumps around the self-harm scars. Amy sees it."
utter115.1141,utter,AMY,Are you cold? You look like you are freezing.
desc115.1142,desc,,"She stands, takes off her cardigan and wraps the soft wool around Charlie's shoulders. He allows the gesture."
utter115.1143,utter,AMY (CONT'D),I'm just going to put this over your shoulders.
desc115.1144,desc,,She sits down again. Still for a long time. Then.
utter115.1145,utter,AMY (CONT'D),"I really needed you. Y'know. These last few months, you were like my savior. I think I'd be dead if it wasn't for you."
desc115.1146,desc,,"He looks at her, just a glance."
utter115.1147,utter,AMY (CONT'D),And then all this. I forgot who you were to me. What you did for me. I forgot about your goodness.
desc115.1148,desc,,"Baldwin watches, confused, concerned."
utter115.1149,utter,AMY (CONT'D),I'll never understand. But I can listen.
desc115.1150,desc,,"Charlie seems to shrink away, but Amy doesn't let him, she leans into him and takes his hand, holding it gently."
utter115.1151,utter,AMY (CONT'D),"I'll never understand it Charlie. Not how you, someone so kind and generous and loyal, someone who saved my life, could hurt people... And I'm sorry that I lied to you and went behind your back. Because I think that makes you feel even more alone. And that breaks my heart."
desc115.1152,desc,,"He stares at Amy, it's the first time anyone has ever really seen him as he sees himself."
utter115.1153,utter,CHARLIE,I never meant... I only ever wanted to help you.
utter115.1154,utter,AMY,I know. I know... and you saved me. You saved my life. More times than I can count... I still need you.
desc115.1155,desc,,"Amy looks at him, like he is a hero. A long beat."
utter115.1156,utter,CHARLIE,What do you need me to do?
utter115.1157,utter,AMY,Tell the truth.
desc115.1158,desc,,A long beat. Then Charlie speaks. It's soft.
utter115.1159,utter,CHARLIE,I just did it.
desc115.1160,desc,,"Amy looks at him, she keeps her face from showing the fear and disgust that's raging inside her."
utter115.1161,utter,AMY,I'm sorry but I need more than that.
utter115.1162,utter,CHARLIE,What do you want me to tell you?
desc115.1163,desc,,Amy looks at Baldwin. He nods to her. Names.
scene116,slugline,,AMY
desc116.1164,desc,,"Charlie looks at the desk, tries to hide his face. Amy's heart sinks. She can feel him closing down. See him retreating."
utter116.1165,utter,CHARLIE,I don't remember all of the names.
utter116.1166,utter,AMY,Tell me what you can.
desc116.1167,desc,,Charlie squeezes her hand. She waits for him to speak. At last. It's barely audible.
utter116.1168,utter,CHARLIE,Douglas Stevenson.
desc116.1169,desc,,"Charlie watches Amy, scrutinizes every facet of her reaction. Amy doesn't look away, doesn't recoil in disgust. She stays there holding his hand. Charlie looks down again. Unable to keep eye contact with her."
utter116.1170,utter,CHARLIE (CONT'D),Ana Martinez.
desc116.1171,desc,,Amy's eyes sting. Her face tightens as she tries to control it. Charlie sees it. He sees her trying. He goes on.
utter116.1172,utter,CHARLIE (CONT'D),"Kelly Anderson... Then there was, I can't remember his name. He was"
desc116.1173,desc,,"youngerAmy hand tightens on Charlie's arm, gripping hard to stop herself from letting go. She can hardly speak."
desc116.1174,desc,,Charlie nods. Takes the coffee cup and drinks. Slowly.
utter116.1175,utter,CHARLIE,Yeah. Jack.
desc116.1176,desc,,Amy takes a deep breath. Tries to get her breath under control.
desc116.1177,desc,,AMY
utter116.1178,utter,CHARLIE,Maybe. I don't know... Yeah... There was a man at my last hospital... I think it was a sorta German name...
utter116.1179,utter,AMY,Why Charlie...?
desc116.1180,desc,,Charlie looks at Baldwin. Then at Amy. He's got their attention. It's all about him.
utter116.1181,utter,CHARLIE,They didn't stop me.
desc116.1182,desc,,The horror and sorrow on Amy's face grow. She fights to hold back the tears as she places her hands over his.
scene117,slugline,,INT. TRENTON PRISON CORRIDOR - DAY
desc117.1183,desc,,"Charlie walks away down a long concrete corridor, his scrubs have been swapped for cream prison smock and trousers. To avoid a death sentence, Charlie Cullen pled guilty to the murder of 29 people. The real number of victims is believed to be between 300 and 1000."
scene118,slugline,,"INT. AMY'S HOUSE, AMY'S BEDROOM - MORNING"
desc118.1184,desc,,Amy's in bed with the girls. Alex's eyes open. Maya in deep sleep in her mother's arms. Alex touches Amy's face.
utter118.1185,utter,ALEX,We have to get up. It's a school day.
desc118.1186,desc,,Amy opens her eyes. Looks at Alex. Smiles.
utter118.1187,utter,AMY,"Not today, sweetie. Today we stay"
scene119,slugline,,in bed.
desc119.1188,desc,,A smile plays on Alex lips. Amy caresses her hair. Alex closes her eyes. Goes back to sleep. ON BLACK: Amy got the heart surgery she needed and lives in Florida with her daughters and grandchildren. She is still a good nurse.
